32485
529
563
25447
8684
10457
21132
6322
21134
17129
20436
19072
15702
31991
24606
30118
5650
10039
29791
21538
180
20340
5645
31706
12903
5949
4668
3344
25971
10932
11207
7327
5947
32221
24844
25229
30526
5532
22446
16437
18388
9065
26284
31382
29724
18703
10572
20154
28049
12143
16670
29374
12168
20043
24984
6846
20664
20573
12827
9593
3041
1531
20139
1366
16055
1851
24324
10314
4923
1116
14686
5091
25901
16600
20996
31427
16044
23912
3904
19282
12563
16856
3870
16169
3157
27321
314
12605
32693
27541
14438
20885
9353
12271
19542
470
27199
1457
17154
5215
11860
3077
2342
8276
10619
393
623
16536
3812
2382
3768
29947
18252
18395
3394
16724
17555
20070
9891
5766
17597
18391
10870
17960
13337
28818
16748
11696
3805
25582
25153
20485
3641
29880
21079
2543
26421
6913
27996
4583
28329
3549
8115
12894
30669
30589
937
21347
7773
21244
19263
24616
23219
31629
11178
32115
28283
19216
14697
31892
16845
7563
6549
20064
28796
24226
15763
13712
11505
16313
24608
12981
27980
12607
28041
25880
9630
21581
4777
7646
18658
5129
29646
10363
1652
31539
12326
18328
17497
21472
28419
25854
23746
23199
23135
23021
7777
25459
31503
22445
16049
13420
13331
21561
26407
21237
13235
24097
7665
8913
8282
28623
29770
29865
31414
1465
29498
25982
7231
13896
16292
22844
9618
15661
26770
16524
3535
22440
26941
4133
6683
12195
15589
8583
15948
728
14641
24404
4489
937
13727
22616
17378
6566
32192
6233
12243
27764
25353
21588
13347
9106
2670
10842
29134
21858
24510
12522
15885
8216
24778
1524
13075
11970
26940
5617
32408
16666
23552
27454
9075
4079
17541
5959
20370
7214
19453
5114
32142
21386
23626
10299
3118
29762
11526
10247
6037
27534
20106
20525
10401
30189
19130
31151
3707
278
14981
23952
10608
15807
25052
21257
19886
26671
14407
12184
19616
19008
27083
29758
5727
13421
27772
28352
6932
7145
23493
1667
8573
4469
19331
27535
28633
9501
26640
26803
5805
5450
13308
11213
26465
14531
12800
2360
5040
6754
22121
24073
5728
16433
22044
24237
12952
21644
3721
14521
8566
24864
7113
20605
31407
22156
8067
23454
12570
13140
32407
1676
13891
25685
10093
89
9554
12746
14893
16708
18864
13828
4209
6761
31069
10900
2940
10144
10254
5885
14010
1664
31177
30368
12362
17106
20375
5606
28923
7381
24834
27496
31358
2204
10131
22980
4554
7315
23713
20866
482
30330
30452
5914
1368
22222
28909
19279
21614
20763
17374
20540
4948
18013
7877
3048
27198
17385
15129
4321
16648
30787
12645
18587
22958
14123
11054
23306
162
6488
19172
6191
21473
16964
8050
27548
5558
13756
25582
29522
21210
6181
19509
4487
1262
6667
23430
22554
22868
2760
31465
21393
11240
19771
32464
14804
23852
2533
17455
505
26278
28387
27619
16871
28887
17896
19466
30534
15069
19862
30161
26587
24306
30405
27982
26574
12540
31864
27916
18002
13453
10736
5897
21901
16534
26890
7461
4818
28564
15205
3660
1272
17195
18961
6925
15516
10006
5873
30637
1654
32452
4979
26271
7424
6114
1140
18777
24866
23869
9097
19785
10584
16229
28792
2166
21179
6116
24130
9238
16596
14808
7411
25667
23757
2811
21111
24023
22810
29045
25387
18528
2540
22780
1721
15476
23791
9629
27080
17049
11568
1580
7100
15526
23114
27110
12257
14346
18866
28868
3406
29808
2845
5215
17253
31417
29825
15099
32080
6254
17875
1083
23666
27190
5543
29004
3285
9817
26885
20949
22935
4870
23960
26486
851
8234
9691
18452
7420
30706
3049
5019
30782
13497
32294
18828
11716
24063
11890
1899
19849
20053
9953
3597
20984
14282
29543
31485
27309
27691
20745
8389
12910
30796
19958
21523
9802
29581
23601
18404
17957
21747
17956
7216
32672
16809
26963
1815
26147
22471
27381
13481
10300
23973
6321
31502
2972
17883
12078
23578
10776
28794
15834
30944
28023
28398
6703
4979
25610
30568
7410
28117
29382
16039
16889
15138
15319
5270
18728
20336
5995
31933
9485
18895
6065
7911
10736
15668
1549
29186
27100
3694
2306
17508
29261
5451
18597
10174
3431
5496
23939
31625
16233
32028
17732
3396
26107
6512
12032
17689
16528
26305
9482
10460
16610
9202
19453
19479
26822
16454
19182
25609
5280
6445
14733
25064
10994
25782
23553
23439
24135
5725
13017
20281
14798
11015
31710
23029
5446
30028
1312
28378
20566
25686
30364
1356
12307
10225
22921
29217
17127
16271
10619
18480
25563
31667
17449
5272
8813
5265
10232
7079
13082
2685
13607
12526
7914
1273
23694
23611
20718
458
8322
3110
15172
24282
16125
6580
9604
1593
26438
4240
23872
4354
556
27278
24776
19768
25877
29465
3252
14878
6217
27582
25002
10581
29782
12163
23862
9901
11845
32699
21634
24853
1043
24114
2312
23102
20935
12372
31136
24061
22721
22439
22944
28362
20359
28121
3412
11565
30488
924
13813
32575
5618
19315
4330
25558
16267
4387
5978
1515
1199
19159
20683
23949
17629
26794
28616
13253
9173
25875
23071
4468
9521
12261
14874
5166
3889
7728
23210
4005
6128
14619
11917
5035
11775
13204
27345
23583
760
23944
9002
9382
20605
6049
22293
841
25831
30166
12187
9246
10056
2450
7199
2616
26441
11067
12259
19649
16755
32754
20747
10498
29587
25154
16039
31474
12562
1600
2996
7909
11688
7514
26443
32219
30695
837
16864
2088
11744
26588
8778
812
30587
3390
17707
15143
1053
3625
1119
4304
9458
30587
30020
18333
95
18037
31786
22180
32057
19798
24958
5386
24678
25217
22813
10982
3473
25913
8379
7856
13266
15770
11523
12047
30484
27523
20637
25256
14254
26043
30480
12024
16211
27401
23150
2034
30215
24871
29403
22703
18463
8867
20835
23802
24737
18104
29487
6838
12102
29575
6595
11129
10839
25962
2631
1747
7785
6668
3
24524
20913
18902
10017
18201
12483
17745
5395
20965
13084
17078
14749
29405
6534
27616
24977
26867
24307
13714
8084
11306
25893
21517
20493
13919
25414
2380
32425
20879
2339
11459
9075
19649
20882
5510
30297
26442
16287
23088
19415
9018
25661
14151
13776
