10254
15675
6744
3694
15008
13329
25151
7748
21015
20821
22760
18405
22288
66
13300
11634
6720
31499
22093
32726
28831
24377
2568
12241
7240
25088
13612
23870
23447
14528
22456
21820
21452
31477
19040
3572
24639
20228
6108
31849
17399
4085
24089
23778
3133
30498
13253
21503
9790
13271
566
22056
32150
9472
31527
24474
24627
29074
31666
30985
24537
21516
29803
17529
13547
31773
5795
31207
361
3852
509
30290
17651
9130
29293
30168
23227
4139
1063
14332
2514
4937
25436
6065
26983
23496
17264
20957
23097
4058
23550
27220
31124
27084
29344
10919
12908
13539
6824
9051
2229
26455
27804
25874
23382
25428
21479
25802
22046
6953
23744
22078
27653
30201
13878
3862
6926
24435
1370
13970
13072
5804
32542
11067
15752
32508
11182
15257
8208
14869
19758
4169
9740
23324
21349
5626
3969
12780
14538
8281
14984
1704
30338
21905
12866
32702
5136
253
2497
11824
17744
123
16275
24771
20194
8531
26042
20443
17479
7563
16092
19506
4627
20530
25004
12681
13834
2209
6716
16710
5693
13551
14118
17382
24772
4329
7319
16867
22649
7953
1627
13834
482
21729
19697
6037
1406
4882
6378
24121
3689
8473
27898
2138
28020
17443
1977
30326
18979
16861
12777
7385
600
27277
10064
4446
11160
3453
14085
18295
18464
21000
20383
28877
5785
31699
14884
7198
11262
19043
29855
28828
26093
26822
8841
27189
4719
27867
2343
19523
19093
22772
25682
29689
20410
8435
24565
14351
19811
29907
29925
24431
1220
29770
17536
6494
3369
13318
11349
12872
17051
8573
30
16832
25686
31472
923
18368
14027
9428
17366
26199
31630
3710
17248
7071
26491
11170
30541
26286
3876
133
2905
3803
18865
2126
31283
162
9971
29416
23547
31658
2101
13432
9673
17221
27593
23731
31807
29129
25037
19695
20418
21647
27028
6558
3278
22618
32616
13701
30217
9595
29928
2042
17934
5103
19152
12265
14204
7093
6834
17247
13319
7927
8541
31592
1467
28010
19397
6913
7847
19075
14462
24354
29579
27218
26982
3783
4738
28944
20067
16094
29958
27646
23258
6916
28071
2737
25233
4355
18971
8097
7785
14046
8284
30249
14517
26286
3567
16490
1599
11991
10234
2318
21497
28591
22274
29772
1853
16138
28270
6789
5000
9558
21254
13966
194
29307
18557
14609
27942
14421
28814
7099
16295
11764
24821
26247
22227
22171
30544
2104
31090
29551
29356
29508
11184
11294
25005
10823
18990
2917
494
7149
31762
1990
14054
16739
6947
23116
31726
20809
28070
5650
3387
8439
13293
12235
4695
19326
20710
23975
182
28225
1634
12224
18737
10890
20846
26754
31122
2906
25857
15721
32400
31016
22186
18276
14347
29654
28891
5245
11996
32628
23079
11965
8239
30706
23752
9601
11050
28210
21590
17041
31304
4577
10889
13839
