2992
12381
21028
23153
32454
9306
11968
11083
1709
19266
356
1943
18315
22527
14209
14274
31574
23112
4620
23283
9180
8980
21125
29631
32426
8330
25687
15229
21572
12609
3174
16037
8511
32734
6001
31150
8732
14605
7616
28286
13579
10442
5782
4381
18688
4018
15956
19906
18048
4175
15270
24046
9868
31626
2394
10861
31147
18495
16265
3681
264
13082
28732
14979
12926
985
13938
23338
25521
15759
31650
25902
7456
17766
6897
32583
14105
30451
31448
12072
20804
12355
6882
11881
28708
22616
16518
10866
4349
2748
15982
26021
32220
15604
16375
3853
28732
231
30169
23849
26698
18682
31108
20285
20950
23554
23425
5288
3281
28907
6785
5939
31026
28574
26716
10490
117
31753
15479
5707
1906
19254
32265
19861
7867
14441
32432
8772
23757
4985
26676
15552
14903
19681
16385
285
30222
26029
32073
7933
25372
29011
16893
14684
18190
28077
17242
2089
5219
31524
22515
15750
16601
26548
5475
25075
6915
5325
20366
25805
26966
14990
12304
23255
19387
2581
29117
2427
29980
8893
8694
27489
16879
21958
20208
31495
29272
10239
20207
29536
6934
6060
20518
12728
2402
11058
22750
4944
31639
25310
26123
31657
10589
17781
29282
16459
16002
13710
18923
18605
16095
184
11148
22830
11092
10842
1033
15162
12534
28881
9334
27908
12643
1353
18392
8815
12174
6231
9676
20605
28478
24793
1630
5181
12528
12506
25139
1767
4019
3476
32445
23180
2274
29267
18035
18028
128
14410
2856
15849
4649
8808
3026
32294
355
27503
2148
3950
26142
31065
24875
13322
32016
32697
5767
17655
15543
1956
30203
25598
27581
18462
25291
25768
19679
24832
31632
13663
7024
23593
11376
2157
10905
13941
1208
15842
22729
1346
8875
26937
7462
5678
1180
29761
29542
12617
18895
12710
16792
27611
15804
18933
15158
28780
27627
3982
14239
12750
2491
11035
9689
3339
17775
3440
21753
6018
30342
18986
28612
4676
31763
7999
19949
10653
19109
6704
15736
11671
21447
6440
31988
29910
4024
7408
19715
26214
1406
26593
3271
12261
28740
32329
32421
1074
5654
31395
20162
11563
22790
9719
30102
28901
21524
882
3378
20058
18014
20428
7144
2750
1367
22196
10872
9384
21712
28467
252
19596
22551
31670
21631
27742
20854
8316
10702
3112
18060
18550
17229
2142
26968
21833
13044
4940
10718
2747
29539
11797
5203
219
644
5257
10252
31670
17328
16794
12437
32036
22786
8102
12227
21640
7809
27466
25987
18668
13370
31964
31835
2012
19499
269
9124
18005
2759
4001
24947
32346
14690
10421
4403
31525
22913
29495
25420
26387
2250
30915
11713
9406
17583
32722
30510
17787
32064
29852
6532
616
16885
21441
6572
24211
4979
138
10495
5323
28690
16143
1255
5355
17969
28262
1544
20940
9734
29915
2406
8337
10398
17175
20072
30962
2301
12186
16764
18219
490
12955
18665
13113
28630
16929
4741
17796
14582
4018
30842
15095
7518
8069
2479
28997
10938
12170
520
29923
2209
8813
23236
2607
27864
28734
30761
26590
17811
23331
22260
31164
27430
5907
1493
10971
17278
14833
31704
25726
5186
4115
11984
5784
23748
15106
22399
6325
25962
3576
15783
12810
14549
22250
23781
4913
5111
32218
6031
31552
21953
29860
18165
17600
16572
27650
22250
15730
23090
28387
3073
4087
18285
17533
2956
20902
26555
14131
11665
18762
27282
5096
11154
17424
29169
19420
4478
20433
21055
15438
4549
28173
12304
18345
4808
3417
235
6768
15213
1854
20033
12734
18178
18013
13105
10871
9045
26262
24727
14139
659
17568
12907
19078
19416
5724
6214
8500
11945
8098
3959
6523
4688
5872
4900
30537
29740
30285
10781
22665
1467
29369
25367
11151
13721
29413
11317
4952
10761
8389
18807
31297
1535
16622
26483
3149
28068
5963
7916
8883
8810
821
28109
3476
30579
23444
24045
6046
8770
30110
26090
31184
7862
14224
26307
15095
7205
3659
13677
2248
1318
7020
31868
21509
27785
12301
28727
32561
29833
13090
4922
22535
22311
10223
10637
6307
17603
26457
13657
9311
5822
23640
26566
20236
1038
25341
16521
5306
27169
549
32310
22118
19847
31446
10737
29733
15464
8209
12515
14406
5601
22837
7708
19069
9970
25440
21690
32743
15739
5532
28356
6524
17885
8691
23097
16631
8697
16988
28914
14231
22256
20704
29176
28992
26722
30681
26461
11114
13018
17759
5366
4969
25768
16307
13501
20640
2791
10314
9477
20843
20722
13448
11885
15600
12224
1044
3293
12058
20354
15364
21084
27644
9063
13325
6816
13100
25373
1961
3952
25557
408
30233
7766
22596
18830
834
22378
578
17631
1094
