617
19035
272
9473
2854
10317
15108
10737
15004
11013
32107
32753
1289
13050
1241
8369
21110
26615
15162
28488
4523
12185
8593
31658
6424
14245
13806
29948
27759
9956
19770
13989
8289
30529
29516
14058
9422
10445
9273
3442
21790
13374
5309
31072
30054
3861
512
8801
30409
30916
17268
14202
19035
29997
9414
32201
31134
23528
11960
6074
12945
82
25931
886
5824
338
24542
24548
22318
21625
23700
3247
6786
18023
8657
23352
1915
3532
9052
9210
14341
2612
11226
26584
15111
330
30471
6583
30532
31854
395
29654
14973
22585
3823
14027
1446
20537
5579
11374
27662
656
24910
32750
27348
27382
7546
22687
4178
798
1677
11605
13422
8804
22350
2700
27944
11523
3636
24271
3576
22021
17428
9313
29521
14843
18426
27809
6913
30212
9504
4029
7453
13156
16803
14001
8046
4760
3292
6858
15459
21773
7419
17660
13805
7340
2822
27246
5587
16985
7166
29523
6509
11334
18839
16004
13399
23428
8183
21975
19670
21745
2497
723
27837
2938
31699
2069
21300
6841
29911
5347
26003
22514
26875
17057
26838
7979
11962
14336
18731
4019
19169
26393
21794
26024
10730
23540
11321
7712
3280
746
29094
2822
13388
4977
22475
11639
20512
4041
7833
15595
31016
20070
22778
13054
15084
12629
5034
13605
32069
7465
9526
17454
21982
1497
32005
5076
6073
1475
31494
21610
16335
7235
19137
5895
17045
18674
25732
17
16051
1293
350
24130
15307
10912
20113
5347
19718
20269
3750
31397
24307
11215
9436
27176
7350
14083
25282
11579
32320
31578
32376
18240
4008
6602
11363
24992
23332
25776
24664
6548
10042
11882
16070
10733
1410
8379
9497
24487
30606
12375
26724
26909
22126
14441
15896
6526
5320
4263
24948
16722
10008
22256
13099
29632
16939
30528
29477
18918
7952
12544
9142
20763
6430
17039
304
1679
25677
16800
5342
4572
12857
15932
22091
8459
30642
28407
29779
19041
32403
14216
4514
25346
17961
17164
2457
14703
21341
17386
32286
31443
4214
15199
19885
9593
10210
4396
22139
12981
13725
13394
28738
24682
11482
16643
21857
11400
20866
28658
19951
6825
17682
21333
2218
14264
9552
7850
1052
5769
31640
23159
16930
10156
30441
30453
3799
320
4504
5555
31083
4899
23141
19470
11359
29390
1478
16050
7343
19653
29907
19030
25169
15496
403
26881
6005
26392
29974
7652
3242
21930
2780
19596
8567
13960
6160
15697
20761
16293
1936
27431
3988
6720
1139
27165
31381
24869
17562
32660
31547
15539
25831
11473
40
31053
6498
18107
10409
32544
9790
5549
20111
11563
27093
28475
14502
14807
18585
22662
28811
16183
5056
4992
16314
18387
27442
15914
24400
13398
19389
5523
19150
7732
17588
5660
2639
13937
20829
12737
18058
10175
4857
2192
32559
669
29724
26700
23509
344
12907
28117
30470
17343
24949
9884
30836
20776
25677
2724
2955
20307
23625
290
8164
12425
3203
9950
17530
10173
27696
4247
834
2560
16176
4783
5460
5444
5820
7965
22390
8402
25361
18256
24007
6013
20394
3219
30346
16817
12469
14560
23049
464
5846
23486
7925
23051
24497
18568
18201
15070
13015
32429
16838
27738
409
4779
7156
7166
28707
26570
15213
20104
25087
19979
3120
11461
5367
11422
14444
3156
11030
25353
26789
1606
26580
19026
30225
7783
7915
21716
15120
24596
20355
10194
12508
30594
11563
11537
24068
29664
19849
2164
29682
8120
17304
16613
27878
20496
26749
23534
16949
24527
14561
8868
26963
26908
30010
8315
2198
21203
21780
15239
9940
30070
27530
24824
7525
12322
4730
26213
12143
14908
29061
24887
28414
26439
24348
30342
17470
7587
14650
3180
18934
2977
9192
4427
16905
19335
240
21418
12367
6642
31231
13251
29795
30295
2982
28320
28459
31164
6680
14255
1305
32007
27236
17864
6303
5347
24068
18819
27453
5619
5604
17994
23008
25847
12985
10355
100
9664
29156
12345
25381
23453
24090
26358
14537
23715
14089
24260
31349
22035
1594
22059
31843
28335
8921
3980
11205
23237
4920
29877
15157
21996
13677
21441
21153
19637
622
7076
7360
5550
11989
19953
15697
5845
6036
19250
30624
17438
28588
13741
31048
11227
17516
19648
28291
12927
23391
1698
7788
1436
15006
8107
13937
19258
12623
16307
16800
21557
13316
17384
9343
18125
11724
6606
17061
18060
2962
22488
24152
12284
1226
26768
32350
2544
7621
12899
18298
18207
19037
16629
16151
27138
31130
13675
13549
11856
30748
15230
7395
26360
20900
29178
11583
15959
28723
61
16184
5273
1922
1094
2056
31871
968
7162
5558
2724
25740
17474
5402
14329
16125
30672
979
30862
11861
3456
2718
7661
4075
9539
23871
10766
10019
27308
17833
5875
24220
24940
11752
18505
14940
15333
5382
31429
25891
8492
30621
9507
32010
26096
23809
469
24613
25253
25206
29426
29730
2333
23199
15910
4303
23928
30512
21184
16604
11934
25830
11543
29170
15400
8093
29353
17816
12146
16019
1174
6600
5635
1043
21699
12775
19218
7614
25258
23117
12335
15143
12247
21459
31473
31006
18393
1000
6510
10388
31835
28547
30909
7060
27021
32006
16985
28590
9498
7979
5164
17026
30838
10151
9308
20299
17361
30809
22016
2776
2448
13393
8559
1344
32552
15924
28961
26849
21421
11371
18154
29716
23044
6383
9758
24977
29798
12821
21730
9613
18010
19508
28298
15997
23735
18400
12370
19339
12284
3676
16904
28267
31014
27696
29753
16622
30549
5102
6013
24561
28170
1475
14549
20279
4246
10944
9654
8432
9384
8400
1642
21932
24385
7916
16848
4888
5894
12724
19193
12189
23965
19007
10744
10446
8276
13151
22325
27048
27247
30878
26419
25311
6864
14290
6064
30233
29232
31306
14616
24203
27231
7793
5391
24831
26989
3348
14662
3625
8322
12119
2558
