13237
13828
837
31654
17806
26505
17938
6278
13986
23668
6876
24221
14195
3116
20245
30368
116
2319
27238
27053
1824
11693
26083
15572
898
22499
10169
11489
31819
3905
26903
20563
10986
6768
19422
21535
19786
19859
7726
12825
133
9350
25791
32301
6607
31021
14312
514
10855
28480
22804
3599
8854
17966
26583
7154
3187
25917
11674
10843
16712
14605
1944
4146
12549
28706
17548
28975
23220
5128
3434
22215
15106
24135
5299
24441
945
17298
32039
1910
17444
8893
11311
8725
6566
22341
3026
7726
10692
2700
17569
18917
15546
20260
30680
8975
29151
30907
21297
11204
12297
14881
15493
13122
31911
29089
20911
25441
1122
29147
1402
30893
14201
12011
13228
17857
20326
25242
26433
22499
15316
20912
22784
19707
19578
6213
21892
19222
13776
5683
17843
8229
21652
14465
21084
13490
31971
30771
30308
31417
16894
30625
937
29731
11578
32681
899
14394
24751
32671
14314
2114
22183
22099
22026
18713
15942
7545
6562
14081
10919
6192
30132
24303
28058
25133
3595
25443
15843
30237
19126
10333
7175
6458
296
32042
12449
6522
29016
12073
8347
19453
26512
1578
10350
31582
22389
10665
11805
18752
30959
29735
28820
19415
26090
20551
25591
31493
30170
380
19657
3312
13256
30509
28773
20291
22164
28761
25853
22056
9388
25652
14264
23375
19506
32543
21058
5195
30403
23314
27309
24984
14200
30308
7303
32360
22398
20375
27152
13254
26213
9654
20101
17139
16142
3987
27376
17734
16935
5542
11431
20014
32414
21597
9847
24103
13397
28689
9778
22192
29882
13593
1967
25746
3617
2909
3077
28616
31775
28091
7768
1331
13673
9694
1243
1334
26791
20884
23926
6374
27718
16876
4101
15993
13647
24452
9836
9751
9204
30235
9963
29520
32663
17479
4085
19577
15032
20598
21342
9486
23252
13244
1889
1597
10620
23380
31990
18591
27763
26344
27392
26388
16568
4931
30226
32141
12006
10741
1138
9495
32451
11571
2457
26544
4568
21168
25466
29436
27932
13888
24127
28298
22045
9761
7049
155
25417
16321
24422
1227
9512
13713
28461
27631
18687
20359
10550
3893
29690
14405
31417
21501
31570
28270
25874
12917
2100
17729
8159
4807
13455
24612
10930
3400
1240
26175
9021
29922
25141
26308
4140
359
7522
29845
27345
6432
8157
13661
31949
226
2162
4576
21974
22170
16593
25427
23986
2095
18828
23965
3014
6403
11450
15807
27533
30837
23858
10845
4994
7915
19002
2989
12554
19263
30355
30702
10252
6201
28024
17669
4786
24854
3647
24694
20377
32647
14740
16171
24445
118
19085
29494
15866
13857
4933
12696
15752
7920
22870
16644
12284
25292
18664
4831
27851
379
32291
1272
15641
22424
10643
17923
8265
6917
3504
3960
31218
28136
10489
32694
13714
20261
20665
16050
718
1616
8879
13018
7007
22075
26844
23899
2600
30309
9444
27103
3098
16994
23753
21448
26895
11286
22514
17055
9701
6814
3944
752
7760
561
4660
32215
14388
15786
29871
4421
8919
13849
20895
25958
22809
8075
17028
10797
24301
20688
28712
28699
13467
14065
25925
1106
18
24977
5952
10155
12853
11890
23249
13896
5258
28553
350
16306
25060
8260
9513
22280
8631
31481
27859
6908
23495
1092
13767
30073
24270
11785
25124
4412
24816
10821
2095
11874
9123
17577
30700
23921
16052
11644
23957
20708
6678
18540
16569
28601
32020
12448
31864
11738
5517
5969
25332
20657
13629
10796
31943
24741
28182
23807
17523
11650
29201
5892
8183
14708
30467
20495
13011
18661
25602
28818
30347
14876
11337
8316
29032
12782
16419
24978
28043
21088
5862
30790
3298
23166
23348
6598
24674
14630
558
28481
24030
20534
18703
13472
17914
28086
8443
15881
2038
21125
31134
32202
1743
106
19765
26162
20930
28546
3752
27833
32519
12614
3475
5817
810
28692
26216
431
15645
25706
4334
32386
4445
1039
21643
8019
5550
23157
17391
17652
18542
15504
28857
4998
7495
22576
12862
17185
17857
10741
32680
20325
32149
32392
24504
19175
18457
7082
31341
16615
8565
18586
8097
27444
19938
5535
12789
30666
17915
4909
5141
2033
12596
10048
3005
28470
15504
31585
1657
8986
16554
13519
21388
30300
25674
21986
19562
18157
5531
6806
6063
15086
26408
2784
32318
25470
10963
3394
2903
8032
6800
21733
230
4476
28162
29612
13813
20706
8201
10600
4730
20092
26459
5312
5621
30941
20491
12013
14622
31532
15311
23126
3853
24795
32209
32425
1026
13766
824
4836
27771
24101
29536
4475
24488
1263
30433
24525
1215
9628
3480
26557
10224
24200
15516
10358
23032
784
16266
27931
2176
