18923
29081
23973
25804
10305
10026
24528
7911
30900
1936
14488
28775
19045
29127
23107
30653
26454
27673
12368
25445
14004
9271
427
9645
30441
25451
18601
32147
25799
9583
3766
7494
11070
32337
6796
24157
2079
11716
20111
22142
2089
24268
15773
19249
27709
2329
27322
21866
23675
3170
22166
641
20796
25077
15237
4212
15815
17204
23691
7844
24588
2928
2646
14477
15045
6267
18383
22180
28363
21926
9049
25578
32521
6955
23614
32220
5229
30839
23455
10428
7936
1241
3504
29186
32608
31780
18096
19130
13881
3737
20088
2635
24825
19769
23282
28146
32622
4232
21887
17073
26217
4774
9961
26616
4920
8278
14268
31032
20551
6400
27637
23436
30746
15043
8744
29511
2140
4033
22527
9222
32346
32673
7126
23595
18599
2894
26029
12397
20339
19079
30705
6556
17947
18921
7156
7056
4913
19299
22624
32560
20549
