20145
7039
3327
9955
9561
18403
24548
11116
24735
3739
23797
28246
29563
23430
30033
10662
10037
10355
7448
9941
10420
14960
29325
18403
17456
29415
25031
19408
31866
20605
16192
29382
7942
21395
19941
14081
16218
13627
22505
21
18157
32575
6628
26383
28165
21770
19911
37
4058
21238
24641
32054
14474
12991
9117
1523
15633
29134
489
12333
32104
26175
17820
13694
22937
12526
5783
13753
31874
18776
7669
31962
22184
21390
11800
30444
31842
8545
16210
1746
8461
17409
12601
11502
27644
30930
23976
27586
3654
9560
20810
24818
6085
5672
30381
506
26879
18750
6498
7500
13390
24095
20451
8390
15743
1096
25242
13052
32031
11937
10486
21591
31051
20493
16636
16832
6925
10213
19152
26907
28195
25071
27099
21536
24777
16361
1574
25635
9096
13371
30197
20917
21732
462
31778
25730
20940
29621
19836
25761
17073
1109
22114
441
25335
28927
19521
5395
32411
24945
15885
4014
4047
9815
25029
13529
3221
31488
7807
2362
3673
31949
6255
23090
194
2274
18750
828
11949
13272
1784
8315
21022
24769
10654
25735
18068
4309
12688
11775
31858
26115
16182
1310
22657
8552
5154
14248
13070
5099
9617
7332
5118
120
17788
28478
9885
8497
817
31387
518
7904
14774
19149
27343
26898
25516
12656
9210
20962
19434
9119
19042
15314
17761
14721
28267
13390
17615
4864
30258
23837
18326
15586
8199
3395
12570
17391
16645
23022
25686
28522
27070
16009
9218
31825
30758
16412
22543
28295
1700
2691
18062
8524
7093
28976
9568
14103
2941
7817
523
16002
6699
8863
11269
21471
24852
9078
8167
15335
24928
9446
16575
2317
8880
16969
25887
16104
16198
22660
27745
27749
10167
19003
904
3026
12235
9992
9408
28710
7413
13242
14124
6514
8110
29143
18630
32467
2048
20552
17257
6697
12978
16772
6217
28852
30061
6010
23781
27185
15232
18630
10639
961
10705
9291
11262
31750
4261
8182
30454
2641
26724
8345
30739
13235
8537
4678
18793
26513
25177
13097
262
21283
10665
6961
19976
31612
23238
29925
29784
20261
8376
4636
2447
154
1548
5211
28666
5153
32138
2731
18371
13552
18279
15048
12648
71
15975
5233
24751
21656
25198
21318
8171
14061
31551
23810
17237
3897
10811
6762
30627
31455
5954
6770
28638
16956
16590
17449
29781
17372
3510
6061
2455
26918
4105
14083
21617
4319
396
16377
14438
6121
26093
21220
22528
15913
28318
21585
3283
25651
17893
28266
1656
10793
16119
14956
17887
11002
12187
950
3589
27713
13092
10678
8868
7739
5979
21228
8298
11608
24818
6926
18609
9373
17398
7544
17323
23917
7881
28951
7569
16060
1871
24408
29449
10980
18506
2860
16163
1263
30364
10212
8835
20596
24175
31468
15498
4542
1938
17179
32031
25502
27495
8717
11453
7203
27755
13032
29001
8080
16539
7660
29419
6845
4635
13869
12574
15484
22190
30030
18160
30262
23659
1001
24431
27173
17343
28354
27227
14533
16624
205
20360
24672
5354
7010
4918
13882
23107
176
4648
15560
17736
6957
7078
20406
5586
31334
4271
10972
16675
23003
32211
30057
29344
28315
25928
740
22581
29037
7194
18001
16526
10821
25568
25787
5035
1892
30127
28568
4057
22888
14226
10536
7753
20380
857
3951
1202
1205
9030
19524
1872
5947
23845
24380
26660
22387
29842
27715
25567
31165
3364
13152
13425
11814
2339
21665
26676
31277
1032
4105
31997
21236
6068
10315
27758
27861
14503
26616
20303
2567
30540
26216
13567
23807
24809
11327
22229
2886
7533
27812
22855
13128
28684
20419
16465
30277
26806
18857
2486
3739
18340
21777
18496
9181
26889
2930
14903
3902
22601
4442
19918
26673
29687
23672
31175
26175
2795
15405
13017
5297
8672
16481
31918
17276
26724
28846
5920
31548
14125
29746
21340
12263
9507
20107
276
31006
26231
5533
2096
8857
3535
3864
8348
21451
15647
19094
31646
23486
3466
26263
14885
26467
7043
19659
14142
12300
19172
26553
19261
13110
21602
7510
11966
27822
27519
3029
2636
31898
15806
22049
3835
11627
5504
6018
1668
28718
22073
9619
1306
13241
12298
26877
28997
30414
9805
182
9754
6571
14410
10256
22591
4208
3986
1482
3400
21752
31292
7635
8560
29270
22010
17401
16350
1122
737
9811
6828
1142
21896
23172
15908
23534
15927
6455
453
31160
5744
460
27232
9889
28557
26879
29396
20670
6714
19250
28338
20846
18604
11161
31889
16016
4282
4051
21071
12174
12504
24635
4007
6191
14529
15701
3987
7503
20251
32096
22531
13380
323
16356
4342
30762
29177
27819
19150
12027
27039
29932
19556
4710
24399
1639
16822
24882
20519
5711
15379
28076
30167
16561
22011
30852
2307
5029
1174
25526
27563
2776
10677
5226
2369
22701
8061
30804
30481
22979
23349
14475
32495
26606
26991
5801
7784
695
21218
6583
30451
25572
13617
13978
15318
7303
26549
11768
29257
5536
19194
6635
3121
29730
25111
8809
4319
20934
19918
27910
31791
14652
30839
20302
22188
1563
31768
31210
2091
26131
14778
11476
13816
29375
14415
7861
29153
19409
18008
8217
9074
17319
10467
15815
4064
17385
21900
4200
5741
15235
752
2759
18685
15413
3507
27362
20493
7135
22095
5280
19497
18008
17414
7835
3423
30780
13802
1146
4090
14128
6580
18751
21746
21102
9983
15037
31876
13830
30415
32546
20807
24871
10571
8652
8953
26892
28628
30333
23808
13649
29120
12230
19623
10125
28553
9619
2443
2133
2406
31424
28804
31708
11529
28097
28650
11055
27100
1535
31345
16296
7557
15452
19752
14595
10382
30465
10211
30930
18010
23686
3441
4474
17527
6422
32497
9554
3997
8586
5412
16599
448
3109
26565
10160
21750
23079
30082
6956
17491
20941
10498
27739
25775
22520
29331
20733
10032
23498
27959
22863
27435
5559
29396
23284
9801
16796
28719
9568
3720
17955
5187
6872
1960
5323
30769
7071
26663
1427
30729
16010
22976
15446
18896
26668
18707
13444
30317
19591
8174
12121
26159
28330
15002
26572
10690
22485
3342
4240
30285
31395
19008
18593
18706
26478
22338
