9252
1849
2947
31880
21060
15278
1244
27711
21263
10280
18696
16400
28815
8818
12273
9497
10986
16564
26976
20073
22497
25352
26219
31356
7138
52
10748
23143
29798
3231
23194
29285
11384
6046
21466
32571
625
20877
19995
11650
13861
187
13438
28860
11627
213
6314
16211
11905
14897
19677
3373
28221
24632
14585
4255
24853
26777
29816
11924
25296
24553
22761
32313
13503
6945
14035
27648
21744
9340
24644
10569
26957
21270
18055
20260
5024
9705
17930
29351
30306
32288
6120
12840
9550
29099
6268
12413
32044
17660
19615
7631
22442
20635
28228
12144
31984
32668
3687
23892
8469
19099
16034
29444
406
21730
10996
23030
5909
11934
3118
10767
12846
12991
32136
21968
13400
22093
3075
387
28437
9243
29062
12511
7816
27981
13723
6744
23594
28717
11335
30979
1536
24093
28512
4248
11750
12737
18956
6857
1334
26039
23282
2854
3008
19280
29443
8610
1736
15192
21789
15645
23744
7484
21224
20231
13527
24109
30008
30381
11854
15360
19277
11193
2045
9471
25805
26240
29752
4832
29207
10577
19960
21911
11993
8971
14451
28632
9388
20099
14104
10740
11256
27202
11027
6852
31969
1799
29726
6946
2957
19300
2454
12947
4566
8157
31074
14063
7370
32674
14584
13553
31830
3239
7207
30876
14515
3731
5334
6402
12925
4210
8950
5891
27892
2907
28601
29856
22778
5962
9491
2428
8457
29070
31409
26294
4433
25055
6150
19300
14659
21973
7441
15469
31874
9066
19280
2202
31998
10751
20391
5961
23636
11694
6266
30353
31371
24197
15323
11098
19486
4721
24771
8858
31648
4600
9854
23322
24731
31458
16884
29907
7652
4985
11655
154
23654
1591
8848
20746
26018
5307
21151
7536
8374
16580
12227
6340
24118
1979
21831
16729
15803
26350
25486
26986
21474
31885
29662
24760
7288
26188
12615
27472
14762
11595
11040
30512
8287
27456
6707
5382
29163
3283
30731
27664
11397
23790
17775
23797
31892
10394
27572
2463
1462
25262
21249
32321
16312
22480
28571
8847
7870
17273
5851
28414
2141
23089
31966
3837
14917
9408
12848
3682
16506
27294
7189
28601
20846
28725
16103
9541
2002
16007
4523
15130
16496
23757
10454
14033
27185
32010
24385
6731
6881
20503
31784
23990
7565
19
4472
22496
20400
22016
1552
17419
15430
32320
5301
24794
17032
26611
32663
23261
31600
17314
32175
2226
21781
5429
20083
21093
6664
6954
11371
26708
19589
14490
24168
17684
14218
21082
16859
8571
3567
19070
4949
27327
18138
30216
16227
4300
27862
27650
7219
3975
28660
13912
15611
17438
28228
16265
26024
30564
23378
32572
28402
27320
4306
16895
9169
3259
31106
336
11198
1628
1004
15484
23947
10170
13957
9558
18028
28368
15204
9186
17794
22095
2999
20814
8037
27171
4215
31679
12503
6021
24265
16870
9951
31781
28686
11357
6486
12673
13149
25868
12306
2919
27510
24369
17778
24062
13785
4623
22869
18376
6725
21735
12657
1708
15265
6566
17970
20151
22639
30298
17122
13717
21773
17043
22766
21356
21787
26993
983
17358
21367
27748
2475
29047
19221
29969
21780
14613
23837
9318
30809
20408
19896
2225
12096
23855
15454
17399
25647
10125
25182
5
7894
27781
29540
31312
3330
19379
15394
10115
25172
10379
9554
7711
8999
30459
22143
19711
18439
27439
26322
12962
31887
7194
15963
16743
17937
28638
20151
24625
24249
27408
27141
11824
17225
31855
12135
4753
21247
22013
17191
11064
6553
32038
16119
9624
7515
14552
1897
4086
5975
23354
4023
4657
22243
31490
22869
5162
18619
22159
2378
10092
24941
23654
12479
24840
16148
27408
8768
21954
6409
25713
14695
13322
18870
3179
7698
12735
27568
8098
17952
31288
6329
28704
16313
11376
15288
3750
26302
6660
5353
15327
31785
28619
12215
17171
26597
4841
24972
7837
20830
16155
21803
2919
30335
410
3873
22619
17736
12826
5019
29453
20788
8580
23583
16424
4221
4118
10741
26811
16447
13207
19365
14931
31577
1810
12525
22594
15037
9570
24606
15823
23669
20658
9959
17609
3228
17552
11142
29610
19322
21683
21275
31316
8474
30898
20265
16317
25569
1001
18642
32011
23483
16861
18871
32713
31859
14426
20261
31081
30917
16861
21337
24152
21977
8934
11444
31288
13084
16873
14436
19143
27839
29286
16450
25824
31282
7583
10625
7939
7618
19572
29340
24500
9129
23896
8153
17336
8969
25156
8953
32060
8240
22224
13676
3365
6901
14914
2505
12103
18091
2552
18033
5890
24729
3504
16201
18707
1184
18959
15125
23915
26027
8145
25978
20442
31113
2130
9926
5250
17978
16096
31310
14653
10578
30501
14015
28394
18114
23066
4265
8021
3635
15330
16153
10035
25957
3941
24985
7333
30039
6621
13392
29324
24830
32558
28973
25247
32280
2112
28215
20142
8430
18735
8608
27509
8856
30059
16478
11025
29418
24811
8193
20657
30308
15628
26706
23549
23190
30829
11529
8520
12452
13625
6113
28444
2758
19038
7429
8327
19791
2529
11905
16484
17158
795
29597
14609
14566
30457
29286
31570
1403
21925
21805
8861
5123
28742
2517
7420
25744
25321
11038
31805
19718
16886
6515
8936
14108
22829
656
27204
1098
20460
30721
30023
15343
4448
15616
7642
22379
16787
17321
8689
10730
26359
5865
23306
31801
6049
18875
2139
31615
9414
343
25509
12085
32475
19944
13378
20434
31834
16090
31667
20009
21097
3272
10258
13451
9784
9158
1730
10349
25955
12314
11434
16084
30893
23787
17365
1169
32514
30057
29079
16179
26110
6203
7441
13887
16467
9200
1123
3670
20395
21657
27618
5732
26634
23402
17126
17548
4237
7985
666
26562
11686
15873
12725
16406
30588
3660
21160
