18434
86
3650
5807
28892
11579
3896
28271
29492
29068
2757
16745
19497
14776
4392
8616
3746
31713
12527
6344
9292
19197
19763
27683
6544
5651
952
28927
30446
4191
16765
20813
23648
3382
25447
26508
8868
3442
5695
375
9900
21799
9832
7027
293
32680
3280
1025
16601
27392
30335
13219
10788
14770
15048
11349
30821
28182
20320
4597
17547
7019
22776
26175
18013
19092
27013
16168
20535
11351
26264
31195
23857
4091
29007
16423
7561
23726
5165
19550
19081
23867
26365
15943
6486
18246
8279
9898
13225
15898
6917
22904
31259
23125
20938
8091
20591
18026
18685
23943
20847
547
27098
15541
4810
1073
25012
26302
17813
1393
4804
22983
10881
11582
22580
24228
31223
30243
22700
22978
2521
4371
17621
8861
2333
27718
14859
4112
22488
11815
17219
28880
31783
3982
15350
29346
12120
21566
4585
25554
19230
12986
26948
11958
9588
1961
30885
27681
6265
1755
32683
24359
18093
22046
20088
14433
32329
23349
3806
1311
10938
6792
1256
18211
10879
18305
25046
31102
21059
2282
24078
13060
1766
4074
26882
17646
25358
9040
25283
29520
28288
31623
22093
1273
6249
1536
13921
32179
10059
16371
17412
16859
24642
22610
7993
12400
24049
10463
18041
11708
32293
1184
13946
12604
24682
25411
6650
19430
20866
10816
3586
27641
12746
15680
19250
5387
8869
200
23498
6954
21085
2818
29949
12142
1479
27101
27993
27752
4018
14970
30110
32691
8288
8671
15734
22270
28451
21228
31664
30990
19990
2843
20142
4493
9996
10314
24700
15421
20014
25431
29254
28085
22407
4965
17561
11830
6447
28460
14750
23152
2169
25381
10953
18586
12239
24290
13121
118
21080
18457
30178
32497
1066
27018
16228
5057
28689
30310
28430
22961
31654
10754
24283
2607
23791
2955
25290
10759
4790
491
26401
7644
23231
9892
3174
6246
6909
29134
32652
16070
30604
17436
22095
23423
20553
27494
13399
19583
25051
2896
9763
30694
15710
18626
17330
25863
25604
2090
952
26932
19763
2783
14661
23553
5088
23438
14833
4505
32049
11095
19702
31799
6671
20436
19188
25966
27241
3808
29759
18874
8551
6821
7077
1878
6099
20470
6516
24149
132
25891
6683
7346
23003
13128
31933
28653
2681
28794
14567
13543
22600
28417
9726
14061
14055
22490
1823
6719
6770
30288
21134
11957
15599
8373
25668
28648
10274
26976
24304
11879
4253
19862
23496
32429
2696
22709
15944
3001
9407
4135
23090
28225
25837
17888
20535
13728
23856
20902
2173
9405
23880
19299
21444
30165
2290
12815
20256
12966
1150
31606
21708
20428
26110
17978
22631
18509
27149
26796
23259
26471
11349
5793
26862
2814
367
17912
11607
14610
14719
9791
23945
17853
4040
21041
4578
31542
20845
30643
11647
17900
30621
29792
18617
6629
21353
6463
23405
18699
13883
15741
18650
32133
8579
29967
25789
13644
15801
30999
12733
13919
31080
19126
7767
25758
33
25764
31032
13450
26377
18744
31647
973
20912
7029
2395
15917
30190
1083
21795
19946
16984
11900
28518
20024
3836
6731
19686
23837
15525
3435
28429
24849
14893
5434
22520
11703
30876
14009
7392
0
25410
14195
18486
8749
30078
28842
16413
29944
1071
9090
23153
18272
32731
13047
21143
7321
21354
24708
11739
14839
1948
17302
10230
2552
26929
30577
17815
4688
23209
31595
10129
11517
8
9806
3842
26488
11004
29234
4772
22132
32087
31737
13600
139
20183
1555
11581
20066
22674
7657
11104
25246
6170
26019
2047
28554
23045
2430
7601
21201
14305
20316
10798
30030
12264
23936
9582
8850
25100
26741
20604
19810
15364
18929
23101
10205
12552
4927
27524
503
15929
27285
30326
18720
28518
1399
8699
5403
16049
1334
7688
14280
24782
19586
26624
29018
11653
2805
32475
13641
15977
11170
26351
30486
3427
13948
5769
14989
4748
7123
14117
22385
18791
27512
18919
9383
4213
14320
5261
22449
11512
29624
3144
20747
14539
9882
2345
10550
12191
16636
26584
25434
30168
2151
27379
9457
1033
12030
8913
7762
12093
8817
30006
50
879
29399
30925
4905
26347
32246
26814
31086
20336
29841
18953
3939
5906
1730
27194
4810
15331
8235
24869
5082
1566
19159
8617
16844
21888
17615
8568
28409
12971
20877
822
27511
26132
20200
17759
5378
16774
19133
3049
24102
25662
28346
32249
20360
30333
16000
23474
10195
22966
10071
13617
32382
20243
20083
19923
30256
8468
24141
30652
25221
8182
20224
30898
30904
29916
1967
29415
22071
30551
14373
17433
21863
15770
7763
11554
32643
4140
11043
3981
1406
6549
13510
5670
7028
1290
11058
3328
23583
24951
5146
31958
12456
15027
26398
21812
3295
7773
21596
27534
30682
26229
16135
4692
23140
13265
16589
