17425
20948
5850
2057
29164
24892
3699
6613
16483
17074
28711
28346
2024
16857
20158
28678
32336
5435
13750
6035
31029
2042
21964
15190
19823
1841
26486
23917
14926
4125
30870
9744
8709
16359
10536
2334
24851
17915
28733
21731
18204
18039
17195
24955
31743
15477
27864
28439
31424
18412
25112
27468
13728
18579
26796
8193
32451
7242
11649
20409
23794
14987
1006
20044
20741
12759
14233
8341
1131
28226
26210
12996
6171
8875
30367
32732
25238
19215
9020
24046
18691
16237
8980
3961
5713
6190
13038
17690
27297
4208
17115
20773
20331
25495
23636
7533
13107
27475
5633
26369
7521
21558
11979
19314
17242
24770
31699
27344
11999
32
19965
6857
781
2840
20233
14459
31216
25494
13160
16599
24631
16906
2849
2527
19813
22821
4633
21391
6383
25236
30538
23546
7718
24276
7875
30867
16668
10597
3363
7701
12098
28107
25639
31663
