7877
2023
23434
26967
5962
19460
7144
13347
8326
44
19657
1167
15839
6758
12107
29020
28127
23648
6276
6463
5098
2332
15140
17346
24144
21055
6864
27464
9053
14423
8654
13022
29100
21458
10127
13101
32631
10796
6306
24020
26636
19560
20396
28021
27719
22136
1259
17218
20984
13921
2772
28334
18786
28817
25946
24428
20986
2661
5051
1763
9083
12414
890
1904
7084
10002
14163
18823
19831
30485
18104
21015
27510
16744
1078
22329
14013
15998
2440
28950
31816
9380
7136
20336
18484
22249
5557
12920
23692
1316
17340
22565
17526
11910
29962
19228
30594
23368
13465
14562
22832
21180
22180
5060
14403
32424
23367
23274
20443
24568
8234
25494
6632
13988
30096
12440
28
7871
14224
1898
8038
20336
24068
6368
27726
9041
12463
4128
28848
28966
10863
29630
20268
27741
19755
23093
11256
2257
15570
22562
26471
5653
22409
22891
5439
11460
18650
29777
23397
27154
25069
8625
5813
19564
20900
19672
13298
17984
29692
29099
14597
26426
32661
6263
22872
21235
6246
13684
9429
25515
2371
24365
20407
13891
16635
19672
30429
19818
19072
10043
1720
6244
28262
25894
28606
8531
6264
4218
12485
14401
25524
19846
23271
17001
10024
14915
18073
9537
17785
1427
1405
4743
11191
31750
12510
21547
14754
440
8238
1858
24537
10918
24461
6836
1324
27348
4211
16055
26763
4065
25939
31458
4593
18625
26595
11728
29772
26565
29592
709
19464
23561
20497
713
9941
19664
13229
412
2966
8028
23448
5504
1263
21222
5945
1814
4010
4649
28575
4678
664
3416
24525
23198
24021
2659
25202
18687
15644
11247
30428
2167
3208
31591
25464
25039
6198
12168
3394
17384
191
28943
30035
29976
17354
7797
27884
4422
23726
29520
22256
3771
18347
9019
10438
12424
15945
18013
14704
21928
2775
7202
14997
6314
2947
7211
22506
29279
12600
18060
14848
20033
28227
25625
23264
8009
17738
24217
22455
9245
24953
29095
6061
21051
805
18244
1887
13903
8270
13341
26013
12712
7552
10174
5593
17218
17301
27594
21742
13927
10108
321
16934
27112
17463
29755
10759
9048
19266
2305
25756
32327
11984
4099
32662
29828
10261
32334
13707
10083
21943
23547
25200
30385
15797
23034
16371
3462
28367
1109
9160
26973
28570
27991
13469
20227
27280
7989
15085
14795
17466
1245
23263
24596
23370
14831
16681
3865
27642
3066
19365
7340
1528
10942
5511
11960
21471
31827
17903
964
23976
23686
23303
6580
1402
22908
13839
11282
18185
32620
20540
342
28769
54
20311
32044
14885
10891
4709
20939
16942
17677
21213
9320
29539
16738
17831
4371
32532
8553
23959
11902
17147
16469
20613
27320
16782
14862
29237
8173
4482
1735
23954
18845
22876
25355
6180
12081
16855
21522
20588
3704
25541
17242
4893
5152
14191
28455
7406
11230
26283
31456
24691
13758
1028
12862
26492
16337
22442
7351
9702
31525
15929
6057
9319
27469
11308
26759
22221
18388
24041
13360
10633
1764
16474
21048
17564
11004
28876
687
25859
17044
21929
29572
46
22834
19695
26070
14051
32137
25469
29227
30612
25728
24494
5957
30891
142
29158
18285
15458
23641
15160
14
24516
16423
5576
16616
16937
12567
15529
7738
28197
3496
18133
28882
25815
17417
1711
2374
2869
13675
4013
17793
10154
15828
4908
2426
4845
17217
29053
640
6178
3286
18372
29507
15525
18382
20478
18946
26352
23445
8798
22356
12950
19384
31817
4442
26335
499
12420
13755
4884
18985
7865
1720
17277
18224
20197
1028
19483
10044
6535
31363
3402
26396
26205
31806
28338
28235
13148
1534
6962
27652
24692
5921
3801
13889
13865
19047
30055
2077
30283
7672
27283
20749
19077
9896
4129
14428
12634
14207
1677
24850
4696
17932
9514
13270
16130
22446
2823
22944
1102
16072
26905
862
32252
26531
8828
12919
7173
17173
25002
3009
12413
505
8477
25629
3387
24422
7488
29230
20965
19788
25614
8219
7686
2858
1033
26507
16866
7220
3790
30627
20236
19800
19387
2025
8343
4371
11574
11657
6720
30157
23278
30217
15556
32127
16975
15672
6169
18634
23410
20990
13117
13907
3705
21592
19211
17158
8551
20412
2035
6222
28231
11969
21492
17929
27639
27971
6863
24070
14406
10706
7220
20669
14650
9868
19068
3267
3123
26700
27062
14884
11670
29910
8450
10532
6878
6397
18293
27593
16261
15899
24948
20251
1611
22964
18206
14300
23782
23634
8512
15789
31341
5163
14304
3232
2564
13575
29154
6322
20179
7223
31211
5211
30013
12565
26762
27572
7400
24079
28943
11456
7485
16213
16037
23214
30986
26687
17908
7395
31466
30740
3623
24060
6535
2591
32080
9825
31039
19485
6638
20212
27228
22441
14382
12500
12739
5001
2751
30948
5367
28079
12512
4722
31716
15674
13513
23507
23888
1683
22790
11025
28689
28447
19934
21541
8115
18817
30703
4951
28572
9471
2993
30038
30209
20008
26353
30470
4295
13807
15041
29915
20049
6383
739
18455
23615
1008
27932
16070
22703
31737
27584
4034
30329
32461
21233
316
1613
22039
16817
1130
6340
6019
10681
24340
6316
16273
24902
1207
15028
