20307
25663
31383
17654
16691
30004
4873
14334
26591
32335
18557
22961
2280
11926
32604
1811
17647
9050
6049
6931
31803
19487
12381
30460
9242
1940
15746
2412
6431
32246
27793
18204
6707
10527
19213
12067
13091
25232
24028
9372
5734
25828
16224
10595
3632
32085
346
9779
16972
16545
6624
8868
27997
29499
4377
13287
11187
13111
16884
29884
6842
662
1828
14521
8468
29719
24406
11554
16521
223
29075
9342
14487
10001
26580
21944
16890
5103
8594
27061
6800
3069
11051
7650
10985
24769
17086
11804
11615
14408
22060
14182
2487
10201
13275
18732
1681
9448
25626
30428
3486
18762
23500
4121
20382
28188
3475
22699
3675
14563
27647
9923
7410
16899
23313
20239
31520
8564
10922
32165
5568
341
6623
11469
1775
6301
10023
3450
19837
24086
10284
16085
1418
29817
4249
23148
24467
29367
5858
17277
15098
26251
25162
22447
24022
7016
18470
5117
24933
18880
29650
12452
17120
