27456
29301
28346
18288
2122
19924
21237
23391
19646
16731
24269
20676
10370
8108
10732
5402
13548
16742
10323
13594
6113
20843
12775
23281
12837
31015
16849
31967
12130
27513
16424
8167
31779
10585
11284
999
24327
714
10552
22673
4841
31689
1535
26930
9583
12665
11180
12840
1709
6046
18049
30181
30523
5094
22693
29177
29630
16712
32616
20649
27774
16996
17940
8566
12357
25304
11876
25563
14142
2285
28270
25769
20660
13134
24266
26815
4508
22675
26466
8954
2693
9082
11208
2427
28792
16573
15717
27533
16409
21461
3903
28058
6838
22109
27086
15394
19553
18617
12970
87
32299
22060
14408
21115
29646
14086
31890
8478
9588
23226
8312
19254
26996
19004
19674
17623
18346
13871
27410
20017
14133
22873
28925
19229
10646
28142
4241
11822
18252
6533
3308
30455
17737
27227
19641
26874
2974
19839
29045
29405
4273
30995
21982
30397
2837
9024
282
1389
3258
18737
10352
24405
23607
20136
23455
18791
20642
26720
14788
12198
32654
30054
26816
24124
13595
3636
12300
11322
29703
26046
24162
13763
29941
150
14185
13210
23080
4403
31243
3517
4929
29315
11317
32756
6107
8764
29268
28537
26281
1247
15368
4292
19953
25844
12710
28902
23521
14558
6626
17754
22032
1317
10987
632
16303
6595
28215
3204
2667
16124
17836
20736
25201
6242
32598
2814
20620
31396
26555
18352
18814
10507
1701
27550
17552
17171
18761
2796
23620
21389
22755
11026
17632
21466
5235
9691
2959
18253
15009
3810
27298
17705
11804
3907
13682
13738
5940
7695
14132
9892
18949
7516
10252
8992
10819
19539
18963
23638
26407
17414
16726
10191
29776
18918
21202
19885
31966
5720
16111
26629
20193
20612
7393
