18032
10283
17512
28335
25219
9237
27902
27894
20319
1946
16949
29185
31921
29861
19359
4516
6900
7136
21118
27488
28728
28221
5974
28561
3584
11663
11606
13166
28932
29786
12838
14384
25404
24250
9038
14205
29554
22947
17961
1608
24845
18406
4408
24761
27847
26519
28005
11162
17387
11409
3128
12122
7478
2903
12735
3063
14908
31915
23395
28341
7945
23882
21410
12002
19471
23328
32257
21740
2469
20589
15206
26907
18301
24854
3883
27230
13988
11884
25320
9286
27428
20403
26324
7437
26724
25456
5624
27285
23680
21045
467
21227
4488
11819
12765
9066
17546
20102
25847
967
14448
24385
30807
13871
25190
26392
24460
8168
3015
32470
27027
806
