1489
5626
21252
17079
12977
7306
5367
32274
8562
24030
12341
20989
23924
29190
31064
18990
3871
14851
22318
32686
7620
29236
13850
6150
30098
23439
21610
23773
17449
16110
10014
6631
22186
12341
23430
16758
15068
8489
9590
24997
32055
21262
18808
22009
19749
13655
19715
30519
22250
21869
29408
29427
21247
25281
25335
30907
29335
11714
22937
1793
25579
9298
23270
15602
25009
25206
10186
29022
19045
24250
4453
9764
31855
6290
22598
5293
2129
16178
12781
16089
5712
30782
12857
25530
21908
9146
2720
15466
29058
27403
29437
13596
13236
16123
26508
26737
18160
12575
30145
5836
16078
6676
17369
429
6966
29996
29649
22721
27341
2854
1838
29028
13995
19967
11564
13863
25674
10294
28016
25574
11857
8548
7540
21603
12201
29538
11674
13011
10760
23501
18864
9814
6035
8300
2462
20382
21087
28944
23338
4136
13297
14359
27069
4536
31564
2647
2725
434
5742
18525
7243
23969
17549
11805
12853
941
12632
6090
14668
8290
19783
2011
24073
2829
13164
12547
16685
4707
3008
17626
15311
3526
15365
4139
4186
7080
6545
14644
8215
2645
16650
31851
6888
3428
4861
18456
25296
5782
6550
3488
32544
22572
1000
20098
6577
31622
3970
15843
9586
7082
26269
14041
13154
17953
3866
524
15280
379
31160
19142
5893
16276
14770
23089
1522
15889
3454
10733
4448
9934
24805
23567
23435
20274
3238
3715
17084
1179
6457
7672
21963
14920
32321
23735
4247
2204
21818
29698
29600
17878
25578
24825
6365
16982
14071
26409
8135
9204
5455
5972
317
14682
16153
16088
10791
2766
19270
26455
32437
6001
15002
16855
374
12472
22173
21016
22318
24172
11983
30836
11139
32757
18087
21948
28742
21017
1526
4064
7183
4171
30470
10342
17505
25773
11783
8604
29616
24828
31519
24369
6208
7620
31254
31295
23315
3853
11245
20774
4299
12583
2320
27504
6396
9433
7548
7335
15712
3244
3498
6687
13405
11459
18022
30398
5490
25119
53
8479
29207
13537
23552
15941
7270
2602
14905
19304
22529
19005
10420
17566
32356
21540
22578
25761
28150
11312
20070
10828
2432
27328
11425
22120
26376
4892
20957
2251
23052
29905
808
17594
10149
30752
15676
15488
4281
29671
16443
28807
13589
17241
30890
11719
12710
16344
16310
6229
27026
253
25165
5756
21313
31544
17686
28589
5589
27034
12151
10588
28432
16226
5979
8794
31233
19905
27837
30661
844
2808
12193
29118
7080
31637
29274
20301
8816
29589
28256
30652
3088
18613
26613
12134
14884
24562
11417
27769
20073
22229
10530
20268
8129
1691
13649
32381
8379
21542
23195
9645
30627
4258
2213
12952
19652
18407
24957
26345
13098
27178
27226
2716
10783
21397
29939
29074
16754
18867
14162
19927
19026
3161
7865
7309
20053
31926
29646
12259
21980
12086
22302
18407
13572
29772
31045
1458
31094
25836
11604
20596
32036
24298
5818
23040
18790
1239
14277
22923
1723
1442
24525
12466
17787
745
10371
5140
9959
13127
23869
6328
4941
22907
13301
20056
23428
26563
29980
9441
2119
1583
25925
32387
4294
