8859
17733
29356
25106
26906
16570
10067
24820
18685
29545
18310
11402
32761
28177
16287
16830
10652
28489
6834
23976
11492
2388
12790
424
12420
20792
13643
15445
6527
583
24328
21700
29188
7208
20972
19066
10592
29994
5417
18518
20626
7518
31239
11699
15159
4864
365
17053
18709
24589
2673
3992
29909
2162
17608
22081
16561
21868
28132
21571
15716
29592
14343
10897
303
13969
9461
7031
16445
12396
17934
24088
10136
5205
4936
24551
31960
10260
25535
1703
7089
13101
32043
14030
10345
32426
11454
14982
26526
17509
4152
21162
4563
15455
11877
14602
32716
9727
12980
1775
6727
7686
7589
24828
11948
701
6966
1790
28554
3260
23018
6676
32335
1461
25790
32523
9688
2129
26834
29505
539
5478
22898
9170
21844
11910
30931
32489
1395
2619
18552
5281
15537
11192
6879
14688
5953
7595
30336
9553
22577
28961
21935
11806
11354
10898
16851
6993
26009
25960
24776
20162
5356
26369
28065
25698
20351
15724
27035
767
28238
9397
29789
779
19996
168
24495
13508
2003
13260
9843
17041
1319
19414
18389
1712
20063
21280
7262
21057
20711
25545
32691
18411
30626
9223
20197
7896
26829
6059
22312
22382
19769
23028
10337
8794
8893
31133
16648
11824
17869
540
29355
22715
24349
27123
12603
17607
1065
26495
25796
5263
32220
10473
22152
16624
8505
12411
25857
11934
11853
29934
2006
23668
2243
5155
6358
6959
23449
23071
30455
22534
21949
10524
25700
5372
12133
5541
32631
15950
11915
32456
2966
627
23630
27107
2913
14351
23349
5494
12197
9597
26356
5190
13667
17196
32590
30911
10040
3538
7989
8639
4166
19923
12220
8598
16583
23120
1649
22010
9302
15477
25470
15247
22885
4722
10168
22479
20528
28282
4200
13590
28289
5507
27601
27858
20243
11685
10304
11061
4912
22963
31993
4525
31392
6093
20002
13288
31744
30133
4423
16437
11038
25319
26981
27572
6928
27290
18392
19464
21491
14187
27976
11285
4734
121
24123
5244
10526
21178
4491
30614
7485
20029
3532
10653
2223
19592
13542
23646
27698
26177
32488
32767
18982
13410
28730
25879
25883
13945
3275
29366
25954
10155
1468
25381
22235
1519
2994
30045
11438
16339
18673
32591
26033
8311
23635
7797
21671
30526
15684
1685
29669
18596
510
10914
10204
30727
30435
10199
10320
2162
681
15868
2060
11034
21098
30546
31514
22526
17168
4065
20684
5292
26654
32688
25528
11461
18529
31114
28841
5487
27656
13053
14339
7274
17719
29750
28049
5383
7015
28698
15756
31737
27161
27684
5069
16726
13003
17192
20723
28354
14331
20722
3664
22824
6747
6931
23179
20335
27093
4554
25585
21092
31053
10603
23950
24920
9763
6196
28031
6806
31439
32089
5590
5865
7557
14182
25591
13317
29660
19752
6221
7506
12162
12765
21591
20779
3619
7912
9955
23169
4449
3530
15141
27113
26551
22314
18856
24505
286
13512
11899
29379
23490
552
8906
28664
28470
2019
30290
8304
11719
21117
4487
6400
28912
19795
1384
4159
18753
19486
30603
9949
13437
31043
26834
24000
26522
9209
21966
13446
29769
18781
30997
18367
7050
9116
1939
23465
26577
31878
24738
5169
23354
9147
9299
10682
238
16018
13497
32148
4162
10912
29945
12230
27407
24367
20631
31
23066
17852
16842
8796
27087
1671
4333
20828
17599
16530
14701
26806
9826
27583
23530
164
27401
29463
10770
8026
18800
5685
4987
21733
31307
13180
2220
19310
24680
23138
2602
12649
28986
21392
16205
118
27051
29750
7049
794
26822
15819
26778
32122
22737
17052
1530
11981
3859
18730
22631
22673
31436
18199
22758
30401
18339
14677
16800
4093
126
24335
17970
5436
17690
21968
1038
16993
21304
32477
19277
10070
30668
2206
21098
8070
24916
5128
22718
24094
14178
12240
10601
22311
32259
2047
27708
1004
23918
28999
31232
659
18080
29652
8531
1639
3787
6920
583
10315
18590
9149
14707
25791
14456
26520
20165
20494
12214
6301
13802
7199
19082
11750
875
12308
21867
28465
16106
7787
18738
15226
9221
9689
12132
5388
10799
29859
15608
17409
19173
3942
19030
29651
12004
22931
7692
11800
31056
11857
15460
1216
16951
4477
15571
14091
29626
29295
13418
31614
25154
26700
28976
17196
5333
3024
30709
18957
29436
20126
22319
16556
2356
10027
6803
29029
19344
19419
6968
15872
18898
30419
28533
5955
6114
18281
28961
8577
22375
19768
29777
21918
24379
13272
26697
20815
4571
29262
12180
31438
23109
27482
2026
25195
7691
25570
22883
18266
8099
3531
28596
27405
10669
13749
14528
31499
32481
14258
10104
