11881
20251
13634
31915
17473
13003
18831
997
59
13514
13071
9117
17445
23115
7946
11292
14010
15809
5491
18239
1148
449
14245
28403
10155
32401
8525
13863
23910
27767
24290
31866
32613
25260
11798
25555
22232
6974
25238
10390
22778
31737
23507
30605
6608
2731
15873
14203
31235
11873
26429
23007
12728
31613
3474
32258
4839
682
28592
7837
18299
28271
6893
4028
20649
15465
6202
13493
2257
21929
15484
30262
24589
13711
9069
27933
23746
14210
12928
2739
3142
12745
25254
22260
15576
8121
14486
29271
17218
7844
31850
9271
2222
20773
8052
32294
7217
7904
23969
2170
19435
21386
9759
29490
15636
24291
12612
25529
30677
3999
16892
5890
31081
9126
1542
12549
18389
22108
7954
862
20605
26430
573
5170
13651
25497
22507
26228
10439
18790
31777
5878
18309
6229
924
2282
27680
18924
28017
19962
8116
3177
11072
20166
13248
18454
8646
30988
10245
1352
22819
8147
16764
27543
9690
27128
13785
24424
12416
18873
13671
28702
8936
9051
30229
22330
16183
26571
10553
4540
21724
14266
2986
18549
29120
16726
31502
28863
22423
22424
3712
25784
25830
14449
4188
274
23090
566
9752
645
1714
28775
10838
21422
25431
1320
14348
9197
21333
10314
5651
30618
18580
21358
31822
19733
29714
30740
2312
19497
20436
12537
20626
19962
3367
24835
30909
25465
23830
2388
27749
12275
29148
13811
25455
11677
15871
30848
20644
22676
18657
7051
5048
17796
19922
27431
3768
2418
6189
16509
21465
21816
11091
3807
22223
7336
16499
30110
12431
7099
31982
22809
17530
19125
28261
4324
27126
28144
28938
7885
1976
3699
23862
21665
23625
67
21957
29630
27837
31851
15018
13813
21543
16379
8355
8976
28671
5370
22507
25924
16206
2950
16469
12779
31974
10104
26043
12506
29768
9560
28802
15233
21493
4928
19728
23774
1512
9760
6423
5999
28810
19193
13025
27638
14516
1209
12789
4922
16621
18767
27629
27847
6046
30272
18009
24384
13357
30519
2119
17676
1424
1791
14625
25562
19966
10013
24030
22032
21262
20156
6678
21304
23402
32525
16015
6875
21651
6034
9817
13254
30468
1689
27747
31543
9305
2732
23925
16323
10982
24616
29728
24900
852
11160
19477
634
15610
3363
11822
22908
30053
21671
21012
23320
892
27138
16497
14320
8256
19708
7205
13958
20971
6194
20873
4078
3761
24521
8176
18528
2768
31137
25072
14049
25586
5281
27818
11117
6660
7216
26454
19862
22627
24793
21607
10244
21922
9967
10264
9425
18398
12161
24741
18869
11790
4283
15192
24793
18614
25954
8012
4026
10284
10591
16223
1998
11688
23096
19311
27188
10957
21116
30100
18594
13910
10583
17337
30178
4910
6637
11884
27286
31485
23771
18579
24759
26075
2291
29166
20723
10958
18434
3092
22632
15044
29972
14282
28283
22965
14915
13176
58
5171
6602
3910
15736
19236
2783
218
10673
17191
7375
27714
32232
16812
573
1642
29918
22935
19316
22140
1805
8551
27664
25585
27279
21421
26511
4516
19225
16966
23242
18330
17487
26128
53
16421
24953
22466
24568
13083
15658
22056
11729
21524
24448
18686
11274
20333
7991
21895
20542
14075
23137
27990
8116
27548
11021
32753
22291
21346
1582
9567
30479
228
1414
559
10540
10101
2509
10992
19063
20043
28229
26617
7445
18813
25456
19098
30057
15875
6688
5379
1754
25046
18796
9202
32424
4564
15269
23127
24658
4231
32660
27376
26217
18780
29468
10372
19025
15041
31726
1748
10000
5943
16420
6008
21769
16507
26207
27008
12642
3173
97
20928
11314
3511
27297
32480
30363
7170
15341
5249
12295
4496
8156
24177
26454
16169
9057
7430
22413
3587
30102
27629
29069
5870
18466
12561
4607
2259
14262
24865
3073
25031
23491
27197
6110
11103
22572
22058
24590
23218
1705
952
19972
27711
10569
21771
7906
28053
22977
24874
21028
13832
30598
7907
14407
15613
16371
508
18447
4144
10251
21900
12237
31985
31543
23682
9225
3341
28291
22038
15441
28693
13907
1160
756
18014
14779
21666
31891
28869
11704
20335
27257
11976
20709
27648
686
12698
19277
9009
321
225
15856
25261
20104
12285
25685
21829
27288
7573
16770
21597
9642
22846
8708
27403
22402
5080
5540
20649
28102
23632
25150
3065
9825
19181
8656
20229
28756
608
5555
12312
20341
32424
17957
29292
19489
6469
19771
12808
28861
24810
22474
16672
