23105
23488
26678
9579
11203
13031
14455
21611
21584
25327
17817
22660
6654
9068
1750
32710
27053
21985
18508
22054
22162
21725
30241
27507
32204
13200
28052
29886
27601
8067
19326
11136
28811
7725
31885
11430
1594
21704
5779
5304
18743
8587
28317
19914
17083
13823
19391
6746
30611
15197
13008
3621
7639
16996
4171
28805
6184
9921
15938
17308
26490
10280
27580
28601
26632
12180
2119
17505
947
5704
2964
25533
490
17109
12262
2476
4758
3723
24478
32757
25760
27993
1381
25803
21195
30093
13425
9958
13370
27161
32298
7334
9059
18848
13976
10856
16389
6944
18197
15794
16316
28581
26397
23687
31383
11921
20263
7584
29177
24344
23228
15793
8658
11239
5108
31160
8948
184
16652
30266
5227
10157
18257
27773
13538
13548
20329
16777
27520
32214
4660
16761
6537
16448
23432
14350
13012
4689
17742
9417
15627
27326
24445
15152
23240
2514
31119
24261
18358
21252
19074
1900
3767
27970
17060
5821
12847
16714
26768
20572
13707
17644
1769
6401
26905
6063
24119
3004
4151
6883
12464
28460
5373
24317
5067
31965
10883
28031
28189
31471
7397
15533
30323
29278
770
26618
7976
27972
30915
9196
4960
21009
29358
29390
28991
20778
4847
7469
23913
17461
22048
17263
17193
14955
19919
4897
16970
2729
20029
2860
20493
31794
26151
31982
18221
3
21638
31554
6982
18095
9578
8678
12521
13022
1173
13515
15340
26670
12574
9875
29482
25075
28822
31094
22113
24263
8380
28783
18274
10804
3729
15348
32031
8000
25097
631
7106
28970
9709
8528
6013
15704
13181
29098
9007
29553
21346
8007
27892
3227
30228
10604
1391
17733
4275
15634
27241
334
23749
28217
29639
9810
7564
10316
28335
25083
14558
25037
8163
883
22682
4681
11480
31302
3274
14447
2630
7938
17210
25014
13622
12358
21548
22882
24242
15974
24002
11006
24094
29856
8370
640
23293
20594
6438
4285
10683
1834
30136
8915
12532
10636
18425
11504
21604
8977
7823
29834
25017
26088
10919
22941
12362
27783
27318
11227
20885
9709
381
16349
31692
19902
3257
14952
23963
31458
10074
13630
16818
10865
13792
8034
4732
20611
5012
11172
29466
27083
24886
6293
5882
5931
28062
19177
4492
23424
22160
29381
22888
23735
6274
6097
18597
12210
17046
4866
17515
3126
25917
12714
2451
7952
27783
17679
3732
12124
32010
18161
29017
32496
18846
4607
13202
698
17305
11444
21014
19729
6950
12424
6990
3943
6109
7049
4646
25142
32268
18057
907
20116
10438
17228
27022
31339
2
12175
20217
