15782
7638
9469
9132
32510
8293
20140
32319
20353
9458
26202
8872
10733
28921
6639
13248
1085
22292
28278
31433
3249
7221
26221
31953
16810
16085
6714
11538
24262
24563
27035
23720
31549
24209
9964
21636
15745
30206
11250
30241
8020
6165
22557
5745
27109
12612
27541
16106
4784
7332
4414
18665
25254
29770
29717
26117
17094
24374
8351
28175
24601
6733
10703
29383
24562
14842
25998
8978
26458
1729
24480
23593
30039
30068
16656
1395
32037
27318
30559
10512
16429
381
23613
14446
6198
1497
7295
25761
18759
20924
10763
6490
26137
25294
32453
17114
7446
25692
12801
13094
29149
7641
20999
13894
24030
13061
22525
27415
19258
11836
2641
14342
32584
8181
531
30559
12219
11919
15196
612
24280
2697
10838
15347
15696
4966
16971
20668
16276
8537
24617
15729
12770
1400
2698
20230
29437
21590
13179
25511
25579
17699
32131
32396
26755
27069
4815
683
16059
19070
21611
32274
26293
17915
11613
14016
22077
30401
11239
11626
28479
5937
24617
5224
24051
17687
2496
20429
8780
30654
30222
21139
1181
16030
3219
11983
1978
1374
21564
9069
29348
8246
32708
32487
32211
319
21158
8804
15270
2565
8394
7450
13236
10769
27641
27167
5552
28715
240
24434
30203
26234
19750
5363
31268
7621
15827
2557
10043
19137
14713
12090
24877
2212
11639
5612
29831
23087
17328
13400
18166
9141
17697
4330
3062
23294
24560
17857
6431
16889
5878
31317
14540
2952
21932
11568
17741
8369
18928
12306
24524
3560
24463
161
27375
15507
4345
23402
14842
15046
29145
12587
9095
21608
9083
24215
11959
27133
15549
7131
4017
4388
30340
30403
6267
9708
12652
9106
13513
8099
22081
32101
16892
11853
978
18586
10063
22990
19553
28148
9214
12878
13840
18035
29056
9586
17866
2866
18820
392
2324
3929
29385
12777
14591
16799
16330
31788
23323
9181
9163
14732
12137
26668
2369
25638
1628
6331
30411
24856
1333
29744
7526
14727
27574
8035
9377
18390
13397
11710
11665
17417
706
9508
18610
10938
20385
22230
23716
21410
24501
16573
6085
16607
16645
11196
21831
19008
11015
29641
30694
2262
32205
29578
21680
28992
29054
22200
22072
26718
1386
10900
6387
18195
12262
12743
16791
14659
12768
20970
16787
16821
20482
24521
31084
22408
2535
29923
21495
11341
26841
23852
2573
8040
11122
25216
25823
9392
2158
4652
28513
8378
7527
31374
13450
20079
12409
4141
1316
30277
6678
18540
3689
18161
5111
19919
9060
29719
28852
31148
18529
22493
7655
7454
31500
32575
18563
15918
29127
7487
12217
1328
26051
19624
24881
19324
134
20379
30363
8668
22449
3589
12175
26448
12859
8087
18482
20085
5539
25720
27751
23846
6084
1944
504
30971
8160
27703
2001
3724
30274
6961
25223
28265
27541
17721
5177
13663
6245
25702
11323
15030
19826
9054
25992
16191
26259
10248
7625
26578
15101
11899
10405
9113
30408
22631
8341
9530
9827
19470
21959
11536
11652
28687
23441
26669
28938
9635
19150
27159
12288
15848
696
26981
657
21357
11907
26829
23179
27594
1841
30205
323
28976
7219
21613
6598
29661
15273
30421
27089
25389
4104
26015
1032
27728
21636
26614
29281
5387
27326
28572
2078
8973
21473
31600
15190
10914
13721
24304
28900
25942
88
5554
31903
11847
25643
13145
11334
23082
24184
21416
8430
6206
16782
3529
14571
29619
25216
1800
9100
13166
13369
23690
2047
15386
12022
32714
12807
10725
11465
11980
1589
25986
19147
15074
20037
20198
8890
24833
28034
23161
27785
22724
27118
6930
16968
882
25901
7920
11298
13047
20782
4604
28988
581
18902
2947
8470
20051
22466
13694
19561
20832
31217
20842
4092
11851
3382
10713
9218
8738
28519
4676
14852
17160
31252
32552
27235
30191
17435
13112
17570
21111
23611
25
32258
31687
27537
11001
31917
24517
5183
3940
17825
16484
27216
17446
13501
15090
15857
19318
12993
2510
19958
23205
16604
26252
24697
8173
29519
5529
9171
15598
6248
9441
8429
10655
31143
15871
22021
5743
13485
32126
31121
14543
8206
17871
20072
24396
13570
29761
10849
28916
26886
8869
17221
5467
14310
7251
10397
18032
16005
20421
14329
9323
4762
4385
26798
14639
30437
14806
4190
20743
17366
30973
16909
24119
3814
