861
6891
22053
5141
27610
16053
5620
23068
18341
6472
26188
13599
6438
21788
15237
5574
32192
9603
10296
3735
11289
12719
25125
7041
10273
3232
17235
5706
836
8834
28304
27262
19532
9662
13217
22301
18058
17782
27793
9831
28873
25486
22761
18336
22299
22783
16283
25729
12027
1159
15294
9694
14290
20201
15283
9127
7297
27627
22761
12383
13601
26274
27608
1516
27262
25513
24875
11473
7694
26945
23662
11220
12121
12079
19740
29274
24809
10126
15770
11420
4413
24280
2259
15116
8764
30970
14705
18495
27205
2917
15487
26444
26904
29652
6672
30839
26379
10349
29775
27318
1574
3123
29260
1574
3649
19820
13570
15683
11594
18184
372
18461
7025
19600
31453
26519
58
17211
22650
23405
3707
24484
30696
28648
4499
30984
249
29699
30770
31338
5895
15983
10299
194
13339
26699
25323
10117
2624
16589
24625
7167
15076
8822
8975
3234
13898
14265
11883
2215
360
12312
17556
10970
10756
13398
32013
26582
19989
7309
23349
22247
23995
321
1300
7012
16304
7680
27377
25093
14170
9919
6073
4325
12301
11858
29069
10524
28325
7703
27843
20386
10615
28435
14536
3775
16099
8588
17501
25085
30002
22436
4418
14012
30824
11491
2469
2803
21408
3478
8340
1039
20337
16667
17190
20482
26149
14977
30595
9233
7975
14071
3486
18887
26601
13150
14786
22939
32136
31596
26226
7467
21853
4296
9278
1611
347
20444
31981
15418
24888
14890
10828
194
18090
28144
31339
2684
8613
6735
15371
24377
9241
17646
22845
22634
29502
22470
14518
26891
22716
4750
28049
17991
2139
25845
12428
2128
20591
24777
27031
17251
4833
6117
4139
11120
22415
3676
10497
21749
2340
17467
3116
214
22742
6086
803
12738
1938
15081
5764
5426
1624
17176
16801
8378
28443
2769
3987
26577
13903
13015
9259
6604
14413
27265
122
11332
8717
7241
29500
14381
17653
9850
5574
1614
5160
22630
17915
26798
28348
26660
3845
18826
25469
2049
15987
3044
2553
16227
31378
30807
1351
16289
17747
7341
30121
23056
30792
10444
23186
11909
20346
24263
3198
24068
22525
5616
13664
1794
431
9894
26282
32001
27515
21789
14338
3922
13828
57
23743
10956
21563
2321
20018
6712
13344
28106
21231
27289
3097
20713
14404
24362
11059
20410
27938
25576
11548
19246
25459
20852
28377
9533
29101
2238
6388
16964
27092
11663
4617
113
29297
3689
30597
14595
30371
25553
20733
18193
12074
23600
7339
9474
14940
3590
10372
29938
24381
19097
30382
15801
17203
32473
17086
10544
25376
17501
2083
23010
13476
25024
31089
32585
1125
19529
17672
11008
11772
1485
29136
19593
13372
5961
701
13836
16902
26855
8241
7997
24121
3750
3779
20245
14102
1874
8702
20512
22756
15815
16122
25819
16422
24530
15082
17858
18790
17203
4015
19903
31209
27292
14659
29404
13223
7004
19600
31149
21211
23547
26405
30721
5376
15431
11116
18208
20857
27558
8491
774
4939
27607
8022
1066
20623
24201
15469
28483
22775
3677
19672
29008
9587
25465
16099
11963
31983
19238
14498
25702
3130
4746
31265
6461
3746
8566
28350
22632
16156
582
22699
21120
1637
32309
18267
19351
5474
12477
11995
16062
19916
30887
16776
9085
29271
28988
3112
14708
17342
17875
3883
5431
19011
25761
3676
11076
2644
7187
14907
14246
19718
18916
17442
27590
3317
3146
4517
28426
32679
16364
29899
20289
15113
26711
10008
32625
14427
14837
5194
24741
8653
24654
29394
7622
29701
21045
7494
28368
27507
27477
5642
12900
31023
4609
13065
32289
27789
5566
13788
5389
7096
5193
28018
28835
26244
17589
6196
9943
28180
14849
32755
18871
3797
13020
8231
8983
4591
14472
27083
24461
8808
25667
5541
20838
23052
3513
10325
10927
15699
31537
24673
9954
9020
26820
30183
9218
14777
18775
19706
14986
7443
31985
32550
26448
1348
6085
18363
21633
23906
7357
9459
30336
19536
25750
7082
11024
1158
18295
5382
19194
7335
10931
19505
4544
20349
5107
31345
4743
30634
30096
27375
10895
13587
24142
4232
18422
5052
5006
18286
9938
7991
13372
20483
8401
8813
8728
19409
22178
26039
30204
3193
3781
8066
28093
32641
11875
4261
17558
6513
9020
15492
5558
3540
15139
17694
14184
21461
26982
23717
2640
13196
10735
6649
9009
11137
3668
16520
9017
31791
21794
5206
21167
4708
25484
31354
26675
18019
26342
7890
7124
11273
22925
27574
23723
15416
31358
4718
8234
5809
29697
22375
28261
16590
9784
27330
15287
21060
18371
5683
13622
12337
262
30762
27384
31455
22016
21855
19485
4562
1763
12387
29868
12092
26749
13897
11780
10391
3183
16495
6727
19613
16603
31922
1184
2677
2868
28201
6957
31389
19618
28071
3460
7766
29321
27672
24454
15439
22152
17397
27658
18364
22474
12954
8766
25611
20722
21087
31512
9060
11570
8061
25216
15811
12234
11196
722
31650
11526
14817
10001
6129
31996
32194
24829
25777
6460
17131
15971
22231
