1815
7931
14880
10647
19964
19551
23902
32431
4067
26995
7915
26925
18033
5748
22729
32252
31900
24682
29620
17185
18394
6334
31510
19498
18468
29202
22118
6417
9458
2317
25181
31547
19524
21900
1264
8088
12597
1529
20009
6373
11660
24309
11247
27977
13073
1385
8209
9172
21518
6187
25528
30747
21680
6757
4612
17853
1944
18210
16478
13537
26483
2209
31190
25413
6006
28800
1316
18823
31265
17749
11742
25751
26287
1013
15909
13309
7773
21389
10673
10453
18755
15468
16732
29566
30246
27567
5038
11200
24764
10703
6592
25239
19929
25353
28718
3043
31489
21733
20323
6837
24464
17970
14753
22344
9277
19651
7878
10749
10014
5936
15134
23677
31682
24195
10748
15496
1210
15527
844
7587
28208
19651
10297
8888
18104
25611
10547
27258
16758
25215
1020
2414
17695
18623
21787
12398
18004
10409
15327
12885
12429
12697
15631
12868
3669
11940
23123
9124
30539
2603
23795
14439
4383
17705
14199
22293
17214
4920
28173
19330
15643
9147
17758
28282
26342
11159
30035
19292
32427
951
3486
24009
2446
17801
11799
1128
7103
16389
23991
3629
2033
22353
12252
4604
20228
9828
19359
778
25425
387
23831
11205
21377
8826
13668
1700
4432
235
28809
25597
11993
5243
27293
29086
9220
27605
21729
10129
14144
32474
1447
9712
25372
25198
15824
22174
8836
19918
15102
20663
14169
9031
9835
10111
10818
17497
22392
23381
22626
15158
14892
6701
12101
22418
4496
23073
31512
26247
14710
2332
12360
16301
28800
9992
32466
18660
29154
4003
30179
32387
4225
1197
30992
19409
22625
21218
22302
31440
4832
21456
14182
19715
9653
6098
15448
4861
24219
26391
8961
14144
1411
4222
13358
2858
19694
25366
11531
25282
10108
29509
26100
11861
5057
27970
25436
27546
16048
7570
1913
835
28392
19046
30309
30898
2197
6603
22395
29109
22661
4102
13128
26645
2030
19458
25580
28332
7419
31740
23655
28746
10059
24236
9321
9941
25584
29056
28193
4517
14723
19699
11769
29648
31569
2605
1917
6308
6956
18380
27190
5211
30164
11097
14218
14564
1488
27678
24735
24621
27656
1442
31468
23657
31103
17280
23292
13289
27572
21813
29750
21816
17234
19865
8285
1149
19777
17398
24929
2022
8522
10140
31651
3165
23341
31448
32382
29640
24075
11552
7312
26206
19969
14143
5688
21404
15016
24857
28567
2881
6842
13908
27871
31608
16524
32190
17786
12147
31929
6595
6536
19024
22059
26196
27616
853
716
524
20379
26396
2816
24311
18017
17239
8881
30463
26813
20046
1625
14435
21532
29692
31469
14685
7644
28222
12223
28955
17443
18920
16603
8828
12770
16774
31769
13190
4358
15808
12255
1858
29043
11041
32109
27204
23316
10956
32501
5281
13776
10136
8711
12675
25538
9160
4369
27216
21149
26256
24919
9238
25154
10811
5641
205
22042
29935
3265
23416
1726
1171
12148
11408
30404
25709
20059
4296
24789
26206
2324
11249
7519
11750
19123
28579
10583
24396
32502
25006
16509
32645
5805
3722
30643
19178
15147
8528
32357
25160
12993
16495
17627
24126
27631
30025
30084
255
26358
3078
1880
25410
14771
30314
15664
1779
20244
19111
18542
25996
25223
8063
5716
7224
12956
14644
25815
12484
1024
27262
10159
23153
3683
23277
31176
19868
20792
10509
27309
7057
11502
14993
28732
444
29376
11212
13654
6117
22352
26337
31861
32407
18562
10087
27262
8877
18573
31932
4528
19431
16696
10322
9082
19290
28986
32246
19708
3945
31994
5065
2961
5263
25013
30709
10861
17156
7941
15546
24214
13597
23637
13977
28876
13370
27950
13107
27692
23015
27218
31100
403
30580
10112
27371
2449
4590
15328
23384
4297
14825
12540
22964
10554
4130
29691
29173
28010
6262
30835
24822
23859
11330
26088
3904
5856
21749
31697
6121
14011
13612
29643
21038
4607
8623
22667
27100
780
30328
3680
6860
31241
17709
30251
6609
32104
30044
16845
26546
10172
2170
28412
17054
25524
26350
14189
27194
21831
7999
7543
7752
9997
27081
10757
29163
19752
12798
6361
21065
8617
13520
30758
18600
27755
4622
20800
25855
15179
5804
3242
28184
14734
22462
26441
11876
412
17372
23665
28645
8829
30613
14313
25977
6013
14075
17520
15879
21316
30277
27536
16747
3258
16021
11734
29567
21532
3815
10142
12091
12991
2546
6120
17317
26983
10600
6302
21682
548
715
19577
9578
23744
18654
14906
25927
5286
23487
32407
12261
10216
20991
6754
11178
8069
30345
22361
16588
24217
15490
11962
15117
29224
22956
4999
28556
28809
13661
14508
31594
3998
18774
8455
25633
26306
10970
29669
10077
29828
13286
16948
9236
12126
2415
5776
435
4856
2206
31029
20168
17585
14195
7800
22040
19637
6794
23628
6067
9534
7949
29958
9984
6948
16571
2372
20980
8463
1515
13119
25305
18661
13060
8563
30046
20818
1609
21582
3964
27433
20450
3180
3751
29237
13269
10300
17947
11869
22243
19136
2882
14354
22309
10421
13949
8534
19541
27096
19870
1453
9245
27928
5847
16289
16909
24841
8356
12342
8015
24097
5874
20929
32731
17831
30005
30204
17704
28594
10812
17701
2144
3746
2468
22692
16867
25530
9052
6461
15358
26547
18278
22791
3400
14474
206
3908
21448
10679
7681
11408
20778
10154
6562
14375
8061
24627
25151
510
12005
29976
23140
29518
13726
25888
9382
4048
14206
27785
20415
839
27000
18861
31660
20074
28911
9572
7259
7557
6640
30632
914
19409
2440
12945
28336
3671
21092
21780
18240
30980
20040
5250
30352
31297
14315
15002
17718
4925
7918
624
13012
16346
2570
26848
6242
12208
26068
2826
18213
29452
1336
22471
12755
18481
485
24999
4038
7923
19480
4046
4728
31471
29902
21465
20596
27589
224
7232
10505
13948
21209
10709
13560
10746
20453
3164
558
9850
31072
28228
5047
13616
27881
2284
13831
63
6027
9378
12364
9990
12999
7676
30269
19613
530
21540
31235
31742
15653
1655
6059
25723
7639
26931
14401
8813
9283
337
3450
20963
1890
22506
509
20586
24975
25742
2759
6727
18401
12149
2388
8623
3945
7358
5271
28345
3831
4666
20023
21969
12107
15796
30320
