14356
29266
18981
20709
23136
15439
10780
9652
13311
9012
29179
19837
31453
14136
28895
13476
29745
2305
860
17883
28735
16264
30987
27391
27398
23795
31243
19921
11572
30938
10763
8523
15642
11042
29870
21942
19349
23486
19305
31489
30395
17419
3289
30024
6799
24281
7426
5995
397
21284
22218
4722
19498
22351
19047
5008
21025
8697
26662
13404
8284
4673
23777
19043
29657
4579
23841
10895
12083
28717
713
19770
18128
21084
9906
9143
29606
30414
29538
15342
3532
9840
25912
7277
29583
23893
27776
13285
27482
24830
30579
3759
1881
17287
24439
25566
890
2400
20318
10572
7628
1593
16368
30979
868
1394
28799
4739
10439
19617
9537
24503
1597
20499
14119
21021
31842
24680
7038
24271
26243
30651
23483
32346
30594
11044
26580
9755
25593
23660
27576
31986
18561
9774
9809
20016
25274
17123
139
30727
7900
14635
26094
6099
14543
22834
15198
9233
19394
28867
31607
3929
7257
27040
29290
4498
7159
8863
4343
10352
2141
15954
8442
1011
17532
1171
1744
7824
7815
760
188
3980
27385
19417
18973
9065
15738
16895
6678
9290
23837
3994
27728
7622
32415
12075
18951
9266
14017
9794
6166
26806
12591
30502
19357
13762
19199
25324
25257
31150
25383
8294
9584
24164
29751
9364
15949
19961
13246
26102
14363
12140
16903
20514
30661
19798
15339
31891
9624
1750
30410
18755
5409
12138
12098
8436
2185
6880
28842
679
7198
8412
28757
5523
21403
28433
20435
21576
22345
4145
12938
6070
422
29419
22329
17202
24326
2777
13846
10592
27919
15251
29978
30889
31881
26254
5371
25451
4821
17327
11235
15170
2392
904
10002
8232
23025
12738
32649
10296
8638
24404
17369
11216
13869
9457
11638
23271
5650
23823
6969
20635
11745
20662
8286
10198
1602
30329
2491
31132
4556
12133
4332
3788
29647
22586
20745
31012
10790
810
26024
21593
7532
5668
2100
29579
29402
19394
12051
25124
29326
13796
4253
28154
16154
23379
23347
8899
25756
24804
3478
6886
11277
4539
30594
28615
9546
13603
25171
8516
16322
11441
11034
18299
19903
21135
14064
22730
18496
11586
15354
27365
3439
9588
12974
21570
25725
25871
25356
16240
30740
27578
20432
22461
25776
3078
32167
5559
15344
30566
12518
17945
24903
3168
19397
28457
13652
12020
4834
8388
17249
9034
6363
7948
17900
3259
30491
12426
31209
23186
13966
4914
28148
4506
13119
7365
5867
12564
7064
7516
24982
13178
570
589
32006
19632
23037
31031
8340
31557
6964
26003
26688
30663
18900
14432
9439
12325
27166
18322
30360
21869
12389
5548
19771
5684
28211
3585
4544
2683
19058
7030
13060
29928
8109
21161
9810
20854
10604
26831
3103
18128
13180
18860
7155
20418
29609
23851
23346
1208
10672
9333
5449
17411
2619
29715
28451
30316
25395
27669
21200
20999
26792
29526
25654
4730
4559
16873
26554
13457
1452
20937
4373
13100
26618
23037
1953
28542
12826
27144
14724
14634
19709
14176
15566
22900
10135
30979
24909
12143
21089
4387
7915
7449
8208
13733
4490
10485
27806
21573
7890
24416
15700
24967
32585
220
28322
30442
24368
25792
25652
4123
27919
13018
2710
21645
5519
28385
20512
11128
17984
28418
23393
7390
26156
9098
2863
23913
11978
12659
26606
5300
31266
23945
29802
3041
26809
10237
14512
919
8335
14359
21708
8581
13920
26471
1803
118
1285
16443
18392
10441
23487
358
5782
11639
23362
23749
6976
9038
20385
20372
8608
9500
28403
23794
20420
10147
3957
31159
19099
26867
7261
7541
9988
8326
14505
17672
1283
22479
5548
6268
20705
10900
26837
25068
22745
27165
30550
24836
24151
29974
8982
27250
29245
25180
28622
20095
334
24180
25732
7657
25871
19418
28801
16442
8305
25432
28764
19953
7686
25388
15624
12739
13064
28472
3108
20571
9678
24556
28148
21074
22898
29473
15059
32446
32626
10065
19060
22952
1681
13168
5750
19298
6696
19008
4695
25622
9688
21545
28514
308
3597
