22814
10677
4277
18761
4204
25074
6821
31260
13992
26335
14296
30757
19963
14
26784
18721
1950
4044
12162
8382
16328
5808
14195
5910
29752
10941
18892
25517
28378
123
29534
6092
22951
6257
16766
14656
4115
19093
20315
25020
20402
17692
67
21553
31916
18681
23321
16785
16243
18996
27763
10635
17177
20466
5024
19275
21813
25621
25210
29136
32104
22731
10
4980
2680
27008
29438
15792
10869
20869
11372
14701
26722
15578
23036
3978
14698
20408
13405
14362
16332
23111
14616
30590
9877
21064
7058
22796
6386
29306
2194
31865
25130
15528
6307
28326
17714
26209
23693
9470
25757
4526
15445
27021
11847
3197
28101
31233
27066
14100
3423
10549
30059
5032
17980
671
17816
10856
14330
2909
27177
2074
21015
30736
14551
4108
27040
27280
18194
25820
23860
1058
14095
14310
2499
5360
788
6593
9840
25358
25654
5409
22050
15197
11479
2418
19109
6285
6258
23609
15034
19306
19556
17227
21971
8819
10942
9413
32713
2201
3117
10761
7237
28787
32553
21058
19195
31725
19931
3905
29256
20256
22494
931
32553
8507
28495
19911
4232
12054
18510
24913
27171
11696
30225
5239
12016
2585
1293
23606
30947
15768
7494
9738
30496
21122
30752
6316
26733
16128
31941
27164
6088
7329
21112
21736
24049
20263
10766
26154
32009
31560
21025
29916
28704
21450
24367
6944
2903
2212
3500
32608
25816
15586
9029
2590
20462
18435
31269
29791
20008
7912
12044
15856
11287
7930
511
31041
30182
22141
3281
26102
30600
