31824
14631
9794
8051
22362
702
18068
6576
9079
8399
22747
10493
10234
8466
8846
20930
17157
27991
28816
12702
4341
7984
9633
29000
9271
995
14225
726
21897
30532
24636
23313
12855
6026
1829
7942
12885
26635
11959
8076
13065
18747
2132
9816
5888
3437
4420
30925
29261
31602
27712
4807
28957
21029
31816
10184
14497
12265
23476
14058
7696
30876
32729
20307
29930
19276
14120
25470
29955
20728
28469
6188
22104
20547
24279
19934
24026
3705
2520
20232
19769
5009
17996
6272
3440
12682
16093
23212
12202
432
30738
10222
12657
19370
20764
26049
5473
22420
11155
19009
6116
26925
3232
14948
2183
8962
22180
4480
27500
27056
24742
5942
26188
9838
26589
17187
22565
26332
10314
22712
13431
8119
19102
25240
19191
29785
32654
13515
571
3194
8829
14497
21460
30051
4631
26849
31581
17198
24492
11889
25057
24553
8875
22740
12336
28726
6897
16407
3762
10692
1093
12582
30764
10354
7043
1578
20108
653
31031
2799
10530
19975
24781
9412
14536
9426
28034
32502
23712
19345
29369
32568
4488
32749
26686
27071
20918
20883
9750
6179
8172
18272
21386
32321
22738
5822
1023
23135
10139
15129
2914
5137
18380
20983
27624
9027
3631
6818
6062
31809
29311
15075
23355
26019
23313
4646
16350
24073
24990
11798
17489
17982
3753
4271
516
23369
3800
26254
17313
9778
4044
28672
12732
172
15431
2895
9674
24521
11000
24671
12345
4645
2420
91
5961
752
9599
1151
17778
6381
25621
7128
2470
9748
8404
16411
15051
3682
11405
29002
4051
23749
8901
27399
26791
13872
23468
639
19492
12217
829
21708
21808
18177
31428
28089
12901
15739
30214
26219
12058
32482
21172
22744
32540
9997
23656
2575
17225
6927
6407
16207
4055
29135
19820
17027
28577
15558
26845
29716
27236
13828
28044
11636
13774
8939
30267
21796
797
19031
81
17802
4661
19816
14709
10976
59
8140
9229
23696
30741
24854
13921
20993
29951
16642
26712
5068
15204
25725
31304
2144
7705
16069
30277
8576
21363
31649
26753
24191
21122
30908
29969
5706
25968
4195
345
14607
3957
11840
23958
3372
15143
11657
18620
15839
24390
906
13080
1952
23488
27667
3450
9575
4167
27580
23336
28264
8671
3266
13767
30860
31317
7092
28962
31979
7685
24549
31908
28742
7553
7671
22209
21446
25141
27508
21398
5036
23803
12094
