4008
7465
15448
21371
25587
12068
18183
10386
12648
15193
30052
28744
31985
536
24890
30170
10399
27800
22772
23495
1898
5605
4563
20061
16988
15094
30959
4523
17882
17508
28478
30203
20434
28618
11124
5640
28727
19720
21409
19805
21088
5091
16823
26379
19760
17427
326
4785
17220
2816
31823
14865
9272
17616
3307
12668
8347
75
17182
32625
32107
20309
20129
31660
30151
8292
27018
19138
13104
25989
18006
19547
11698
3189
5271
31410
4918
18106
28339
17049
19066
21582
19402
3116
13417
31238
28445
13274
2189
12087
19760
12548
198
21019
29408
13271
23224
21808
29446
10686
3424
9490
2537
16199
11863
6781
25810
15716
10355
25615
2285
30651
21983
4001
6523
7984
27386
30633
19426
20857
12603
25559
31531
6997
12230
30542
29170
15268
8197
24543
503
29253
27356
28426
25849
4473
15771
20516
4271
12244
9072
9154
8108
23324
24782
25342
15229
809
5938
8269
1433
1336
14638
11913
14262
20612
249
19952
3878
12603
8303
24748
18302
17113
14010
3918
26783
27280
25025
5179
29716
17925
2497
27896
16840
24606
23865
20481
14244
19607
9340
16716
18292
24842
15830
31510
22094
9712
15588
15410
19701
19385
16863
29540
31712
18875
27268
13398
12357
16874
29012
30734
13030
15446
1115
3983
23386
12490
28599
29773
7834
5125
3304
5096
4940
27315
25651
21128
25869
20306
24829
24525
27994
3984
15450
13934
6471
9337
22087
26164
21601
1921
32606
10407
2604
28275
30380
6929
31360
12343
25119
30962
12508
27460
1115
19181
21495
10736
24631
28978
9149
13325
9308
24767
6568
25707
19144
18749
28891
28923
4571
8391
31495
24502
12354
18120
21529
13851
19088
20761
20737
25845
30446
4441
30738
14878
1154
6813
26302
6297
5753
29965
16220
20169
10118
28214
26064
3789
31040
12470
2853
20759
20365
20534
25088
6827
1206
30802
30370
7192
7538
15444
21982
23843
18617
9586
4077
30
17717
26304
2053
31423
27705
22288
504
32666
24383
15379
25624
14482
26819
4476
16987
26839
21693
17593
14994
20266
26990
12743
24237
8037
32461
28717
12711
1759
20593
9252
4187
7790
27635
27290
21214
9849
20266
651
21160
19588
20292
27861
10055
18252
1062
24771
16726
30915
27643
7754
13733
10383
14156
19984
401
21266
21702
3103
4704
15937
17930
23391
12548
718
2687
21078
22442
6873
2465
17643
20186
25310
20831
1049
11967
14337
191
23918
27594
7767
29439
2202
5306
29108
13175
29285
28077
14642
10218
15880
31222
4583
23992
32673
4863
24599
19600
29924
28292
10294
18028
16422
11181
3212
9249
25753
32342
29475
12838
20246
10826
5048
27800
28767
22327
23019
15162
3589
17640
13626
14345
17012
20997
25961
25360
5626
4136
24404
4654
394
15007
10104
27876
284
18764
4812
21189
2415
18871
22598
4305
16101
2828
6771
18689
32214
20012
21621
64
30276
29476
23818
8540
26105
29344
10858
5819
12248
6596
15697
12899
932
29111
16570
7025
31609
30597
24355
13345
14120
17966
23895
20501
30687
1607
25239
18320
30243
28207
25196
7290
22704
12182
19152
12348
21315
19120
10207
19745
25120
4103
5292
21712
17775
17307
13942
16664
32242
28777
5305
32265
18983
17713
26035
5513
708
819
30572
8927
19971
30435
30723
1245
11877
17101
23391
4660
11353
13893
8531
6819
29164
17419
5002
18033
5980
30071
5924
22647
7082
18249
25926
6393
19932
19642
22187
32650
10476
25878
17337
1419
2997
12023
19852
10028
22782
3444
9734
11424
20739
9791
23971
8276
7832
29991
23392
3472
18228
10695
10815
4753
12710
23746
4415
13882
126
12329
18588
17387
24277
8974
7132
25190
29769
14985
30389
713
23286
8798
9578
15873
20441
9158
3699
8905
14504
3324
27135
5305
32555
11440
3689
14560
25488
9213
1177
8454
9877
26427
23256
27115
32725
11477
3654
6510
11593
24986
16213
22786
24397
10733
24695
14516
22693
13671
676
32317
30904
3528
24292
15662
8192
18853
6277
3747
17741
15644
2164
12733
32652
27149
30340
24858
9896
9607
5859
5123
31903
5741
6409
27666
8285
14747
19336
30480
3562
23857
5660
13114
20515
13906
20254
3951
15408
17742
28637
13617
27123
10612
22904
2499
4473
2169
23689
3925
23772
12177
5479
2795
30878
20503
3595
4224
12281
22156
10179
22570
5741
18134
25900
11657
12963
5371
5299
8567
15269
11880
31453
701
32038
21718
6563
7167
6401
31324
275
19349
22235
6374
11336
25812
16034
14042
25307
14683
20724
1889
14485
29657
27422
30533
7395
31395
14023
20348
28795
25562
30406
29209
6139
4374
7346
5561
7612
8290
316
13529
28264
2763
23375
16948
20082
3668
31429
10488
26735
32524
24264
28351
24637
198
22739
21986
10906
22625
30741
24898
5376
18050
5003
2109
29315
23141
32181
15872
8637
8839
14634
30212
26614
19425
11534
29939
25981
14612
596
27071
22613
26639
20642
22018
21017
25835
23328
23637
26129
1298
25895
25412
3892
28706
32141
31506
10508
8147
17324
14405
19869
26953
28415
21453
11450
31106
6604
20334
14820
3512
20554
32634
24396
13910
31142
13517
14460
15496
10558
29267
16139
29164
1523
1837
15812
28905
26734
22085
8021
5441
4224
8832
28976
17796
10360
29447
26588
10008
30227
21601
5305
28799
4905
9708
24674
19535
23816
16154
4373
18713
7543
22733
3553
20877
1395
4103
2048
27338
15908
6342
27763
2807
30422
4136
